1328422.5
1329846.6
1329853.3
1329855.3
1329856.3
1400146.3
1400147.3
1400148.3
1400149.3
1400150.3
1400151.3
1400154.3
1439324.3
1439325.3
1439329.3
550.1074
550.1113
550.1141
550.1142
550.1144
550.1145
550.1525
550.1526
550.1528
550.153
550.154
550.155
550.1577
550.1579
550.1581
550.1584
550.1647
550.1668
550.2106
550.2107
550.2108
550.2110
550.2111
550.2113
550.2114
550.2115
550.2116
550.2117
550.2118
550.2119
550.2120
550.2123
550.2124
550.2126
550.2127
550.2128
550.2129
550.2130
550.2131
550.2132
550.2133
550.2134
550.2135
550.2136
550.2137
550.2138
550.2139
550.2140
550.2141
550.2142
550.2143
550.2144
550.2145
550.2146
550.2147
550.2148
550.2149
550.2150
550.2151
550.2152
550.2153
550.2154
550.2155
550.2156
550.2157
550.2158
550.2159
550.2160
550.2161
550.2162
550.253
550.254
550.2651
550.2653
550.2654
550.2655
550.2657
550.2658
550.2659
550.2660
550.2662
550.2663
550.2664
550.2665
550.2666
550.2668
550.2669
550.2670
550.2672
550.2673
550.2674
550.2675
550.2676
550.2678
550.2679
550.2680
550.2681
550.2682
550.2683
550.2685
550.2686
550.2687
550.2688
550.2689
550.2690
550.2692
550.281
550.282
550.283
550.284
550.285
550.286
550.287
550.288
550.289
550.290
550.291
550.292
550.293
550.294
550.295
550.296
550.297
550.298
550.299
550.300
550.301
550.302
550.303
550.304
550.305
550.306
550.307
550.308
550.309
550.310
550.311
550.312
550.313
550.314
550.315
550.316
550.317
550.318
550.319
550.320
550.321
550.323
550.324
550.325
550.326
550.327
550.328
550.329
550.330
550.331
550.334
550.622
550.643
550.644
550.645
550.646
550.647
550.648
550.649
550.650
550.651
550.652
550.653
550.654
550.655
550.656
550.657
550.658
550.659
550.660
550.661
550.662
550.663
550.664
550.665
550.666
550.667
550.668
550.669
550.670
550.671
550.672
550.673
550.674
550.675
550.676
550.677
550.678
550.679
550.680
550.681
550.682
550.683
550.684
550.685
550.686
550.687
550.688
550.689
550.690
550.691
550.692
550.693
550.694
550.695
550.696
550.697
550.698
550.699
550.700
550.701
550.702
550.703
550.704
550.705
550.706
550.707
550.708
550.709
550.710
550.711
550.712
550.713
550.714
550.715
550.716
550.717
550.718
550.719
550.720
550.721
550.722
550.723
550.724
550.725
550.726
550.727
550.728
550.729
550.730
550.731
550.732
550.733
550.734
550.735
550.736
550.737
550.738
550.739
550.740
550.741
550.742
550.743
550.744
550.745
550.746
550.747
550.748
550.758
550.759
550.760
550.761
550.762
550.763
550.764
550.765
550.766
550.767
550.768
550.769
550.770
550.771
550.772
550.773
550.774
550.775
550.776
550.777
550.778
550.779
550.780
550.781
550.782
550.783
550.784
550.785
550.786
550.787
550.788
550.789
550.790
550.791
550.792
550.793
550.794
550.795
550.796
550.797
550.798
550.799
550.800
550.801
550.802
550.803
550.804
550.805
550.806
550.807
550.808
550.809
550.810
550.811
550.812
550.813
550.814
550.815
550.816
550.817
550.818
550.819
550.820
550.821
550.822
550.823
550.824
550.825
550.826
550.827
550.828
550.829
550.830
550.831
550.832
550.833
550.834
550.835
550.836
550.837
550.838
550.839
550.840
550.841
550.842
550.843
550.844
550.845
550.846
550.847
550.848
550.849
550.850
550.851
550.852
550.853
550.855
550.856
550.857
550.858
550.859
550.860
550.862
550.863
550.864
550.865
550.866
550.867
550.868
550.869
550.870
550.871
550.872
550.873
550.874
550.875
550.876
550.877
550.878
550.879
550.880
550.881
550.882
550.883
550.884
550.885
550.886
550.887
550.888
550.889
550.890
550.891
550.892
550.893
550.894
550.895
550.896
550.897
550.898
550.899
550.900
550.901
550.902
550.903
550.904
550.905
550.906
550.907
550.908
550.909
550.910
550.911
550.912
550.913
550.914
550.915
550.916
550.917
550.918
550.919
550.920
550.921
550.922
550.923
550.924
550.925
550.926
550.927
550.928
550.929
550.930
550.931
550.932
550.933
550.934
550.935
550.936
550.937
550.938
550.939
550.940
550.941
550.942
550.943
550.944
550.945
550.946
550.947
550.948
550.949
550.950
550.951
550.952
550.953
550.954
550.955
550.956
550.957
550.958
550.959
550.960
550.961
550.962
550.963
550.964