1352.10000
1352.10002
1352.10003
1352.10004
1352.10005
1352.10006
1352.10007
1352.10008
1352.10009
1352.10010
1352.10011
1352.10012
1352.10013
1352.10014
1352.10015
1352.10016
1352.10017
1352.10018
1352.10019
1352.10020
1352.10022
1352.10023
1352.10024
1352.10025
1352.10026
1352.10027
1352.10028
1352.10029
1352.10030
1352.10031
1352.10032
1352.10033
1352.10034
1352.10035
1352.10036
1352.10037
1352.10038
1352.10039
1352.10040
1352.10042
1352.10043
1352.10044
1352.10045
1352.10046
1352.10047
1352.10048
1352.10049
1352.10050
1352.10051
1352.10052
1352.10053
1352.10054
1352.10055
1352.10056
1352.10057
1352.10058
1352.10059
1352.10060
1352.10061
1352.10062
1352.10063
1352.10064
1352.10065
1352.10066
1352.10067
1352.10068
1352.10069
1352.10070
1352.10072
1352.10073
1352.10074
1352.10076
1352.10077
1352.10078
1352.10079
1352.10080
1352.10081
1352.10082
1352.10083
1352.10084
1352.10085
1352.10086
1352.10087
1352.10088
1352.10089
1352.10090
1352.10091
1352.10092
1352.10093
1352.10094
1352.10095
1352.10096
1352.10097
1352.10098
1352.10099
1352.10100
1352.10101
1352.10102
1352.10103
1352.10104
1352.10105
1352.10106
1352.10107
1352.10108
1352.10109
1352.10110
1352.10111
1352.10112
1352.10113
1352.10114
1352.10115
1352.10116
1352.10117
1352.10118
1352.10119
1352.10120
1352.10121
1352.10122
1352.10123
1352.10124
1352.10125
1352.10126
1352.10127
1352.10128
1352.10129
1352.10130
1352.10131
1352.10132
1352.10133
1352.10134
1352.10135
1352.10136
1352.10137
1352.10138
1352.10139
1352.10140
1352.10141
1352.10142
1352.10143
1352.10144
1352.10145
1352.10146
1352.10147
1352.10148
1352.10149
1352.10150
1352.10151
1352.10152
1352.10153
1352.10154
1352.10155
1352.10156
1352.10157
1352.10158
1352.10159
1352.10160
1352.10161
1352.10162
1352.10163
1352.10164
1352.10165
1352.10166
1352.10167
1352.10168
1352.10169
1352.10170
1352.10171
1352.10172
1352.10173
1352.10174
1352.10175
1352.10176
1352.10177
1352.10178
1352.10179
1352.10180
1352.10181
1352.10182
1352.10183
1352.10184
1352.10185
1352.10186
1352.10187
1352.10188
1352.10189
1352.10190
1352.10191
1352.10192
1352.10193
1352.10194
1352.10195
1352.10196
1352.10198
1352.10199
1352.10200
1352.10201
1352.10202
1352.10203
1352.10204
1352.10205
1352.10206
1352.10207
1352.10208
1352.10209
1352.10210
1352.10211
1352.10212
1352.10213
1352.10214
1352.10215
1352.10216
1352.10217
1352.10218
1352.10219
1352.10221
1352.10222
1352.10223
1352.10224
1352.10225
1352.10226
1352.10227
1352.10228
1352.10230
1352.10231
1352.10233
1352.10234
1352.10235
1352.10236
1352.10237
1352.10238
1352.10241
1352.10242
1352.10243
1352.10245
1352.10246
1352.10247
1352.10248
1352.10249
1352.10250
1352.10251
1352.10252
1352.10254
1352.10255
1352.10256
1352.10257
1352.10258
1352.10259
1352.10260
1352.10261
1352.10262
1352.10263
1352.10264
1352.10265
1352.10266
1352.10267
1352.10268
1352.10269
1352.10270
1352.10272
1352.10273
1352.10274
1352.10275
1352.10276
1352.10278
1352.10279
1352.10280
1352.10281
1352.10282
1352.10283
1352.10284
1352.10285
1352.10286
1352.10287
1352.10288
1352.10289
1352.10290
1352.10291
1352.10292
1352.10293
1352.10294
1352.10295
1352.10296
1352.10297
1352.10298
1352.10299
1352.10300
1352.10301
1352.10302
1352.10303
1352.10304
1352.10305
1352.10306
1352.10307
1352.10308
1352.10309
1352.10310
1352.10311
1352.10312
1352.10313
1352.10314
1352.10315
1352.10316
1352.10317
1352.10318
1352.10319
1352.10320
1352.10321
1352.10322
1352.10323
1352.10324
1352.10325
1352.10326
1352.10327
1352.10328
1352.10329
1352.10330
1352.10331
1352.10332
1352.10333
1352.10334
1352.10335
1352.10336
1352.10337
1352.10338
1352.10339
1352.10340
1352.10341
1352.10342
1352.10343
1352.10344
1352.10345
1352.10346
1352.10347
1352.10348
1352.10349
1352.10350
1352.10351
1352.10352
1352.10353
1352.10354
1352.10355
1352.10356
1352.10357
1352.10358
1352.10359
1352.10360
1352.10361
1352.10362
1352.10363
1352.10364
1352.10365
1352.10366
1352.10367
1352.10368
1352.10369
1352.10370
1352.10372
1352.10373
1352.10374
1352.10375
1352.10376
1352.10377
1352.10378
1352.10380
1352.10381
1352.10382
1352.10383
1352.10384
1352.10385
1352.10387
1352.10388
1352.10389
1352.10390
1352.10391
1352.10393
1352.10394
1352.10396
1352.10397
1352.10398
1352.10399
1352.10400
1352.10401
1352.10402
1352.10403
1352.10404
1352.10405
1352.10406
1352.10407
1352.10408
1352.10409
1352.10410
1352.10411
1352.10412
1352.10413
1352.10414
1352.10415
1352.10416
1352.10417
1352.10418
1352.10419
1352.10420
1352.10421
1352.10422
1352.10423
1352.10424
1352.10425
1352.10426
1352.10427
1352.10428
1352.10429
1352.10430
1352.10431
1352.10432
1352.10433
1352.10434
1352.10435
1352.10436
1352.10437
1352.10438
1352.10439
1352.10440
1352.10441
1352.10442
1352.10443
1352.10444
1352.10445
1352.10446
1352.10447
1352.10448
1352.10449
1352.10450
1352.10451
1352.10452
1352.10453
1352.10454
1352.10455
1352.10456
1352.10457
1352.10458
1352.10459
1352.10460
1352.10461
1352.10462
1352.10463
1352.10464
1352.10465
1352.10466
1352.10467
1352.10468
1352.10469
1352.10470
1352.10471
1352.10472
1352.10474
1352.10475
1352.10476
1352.10477
1352.10478
1352.10479
1352.10480
1352.10481
1352.10482
1352.10483
1352.10484
1352.10485
1352.10488
1352.10490
1352.10491
1352.10494
1352.10495
1352.10509
1352.10512
1352.10515
1352.10516
1352.10517
1352.10518
1352.10519
1352.10520
1352.10521
1352.10522
1352.10523
1352.10524
1352.10525
1352.10526
1352.10527
1352.10528
1352.10529
1352.10530
1352.10531
1352.10539
1352.10551
1352.10561
1352.10606
1352.10607
1352.10608
1352.10609
1352.10610
1352.10611
1352.10612
1352.10615
1352.10616
1352.10617
1352.10618
1352.10619
1352.10620
1352.10621
1352.10622
1352.10623
1352.10624
1352.10625
1352.10626
1352.10627
1352.10628
1352.10629
1352.10630
1352.10631
1352.10632
1352.10633
1352.10634
1352.10635
1352.10636
1352.10637
1352.10638
1352.10639
1352.10640
1352.10641
1352.10642
1352.10643
1352.10644
1352.10645
1352.10646
1352.10647
1352.10648
1352.10649
1352.10650
1352.10651
1352.10652
1352.10654
1352.10655
1352.10656
1352.10657
1352.10658
1352.10659
1352.10660
1352.10661
1352.10662
1352.1762
1352.1763
1352.1764
1352.1765
1352.1766
1352.1767
1352.1768
1352.1769
1352.1770
1352.1771
1352.1772
1352.1773
1352.1774
1352.1775
1352.1776
1352.1777
1352.1778
1352.1779
1352.1780
1352.1781
1352.1782
1352.1783
1352.1784
1352.1785
1352.1786
1352.1787
1352.1788
1352.1789
1352.1790
1352.1791
1352.1792
1352.1793
1352.1794
1352.1795
1352.1796
1352.1797
1352.1798
1352.1799
1352.1800
1352.1801
1352.1802
1352.1804
1352.1805
1352.1806
1352.1807
1352.1808
1352.1809
1352.1810
1352.1811
1352.1812
1352.1813
1352.1814
1352.1815
1352.1816
1352.1817
1352.1818
1352.1819
1352.1820
1352.1821
1352.1822
1352.1823
1352.1824
1352.1825
1352.1826
1352.1827
1352.1828
1352.1829
1352.1830
1352.1831
1352.1832
1352.1833
1352.1834
1352.1835
1352.1836
1352.1837
1352.1838
1352.1839
1352.1840
1352.1841
1352.1842
1352.1843
1352.1844
1352.1845
1352.1846
1352.1847
1352.1848
1352.1849
1352.1850
1352.1851
1352.1852
1352.1853
1352.1854
1352.1855
1352.1856
1352.1857
1352.1858
1352.1859
1352.1860
1352.1861
1352.1862
1352.1863
1352.1864
1352.1865
1352.1866
1352.1867
1352.1868
1352.1869
1352.1870
1352.1871
1352.1872
1352.1873
1352.1874
1352.1875
1352.1876
1352.1877
1352.1878
1352.1879
1352.1880
1352.1881
1352.1882
1352.1883
1352.1884
1352.1885
1352.1886
1352.1887
1352.1888
1352.1889
1352.1890
1352.1891
1352.1892
1352.1893
1352.1894
1352.1895
1352.1896
1352.1897
1352.1898
1352.1899
1352.1900
1352.1901
1352.1902
1352.1903
1352.1904
1352.1905
1352.1906
1352.1907
1352.1908
1352.1909
1352.1910
1352.1911
1352.1912
1352.1913
1352.1914
1352.1915
1352.1916
1352.1917
1352.1919
1352.1920
1352.1921
1352.1922
1352.1923
1352.1924
1352.1925
1352.1926
1352.1927
1352.1928
1352.1929
1352.1932
1352.1940
1352.1941
1352.9231
1352.9232
1352.9233
1352.9234
1352.9235
1352.9236
1352.9237
1352.9238
1352.9239
1352.9240
1352.9241
1352.9242
1352.9244
1352.9245
1352.9246
1352.9247
1352.9248
1352.9249
1352.9250
1352.9251
1352.9252
1352.9253
1352.9254
1352.9255
1352.9256
1352.9257
1352.9258
1352.9259
1352.9260
1352.9261
1352.9262
1352.9263
1352.9264
1352.9265
1352.9266
1352.9267
1352.9268
1352.9269
1352.9270
1352.9271
1352.9272
1352.9273
1352.9274
1352.9275
1352.9276
1352.9277
1352.9278
1352.9279
1352.9280
1352.9281
1352.9282
1352.9283
1352.9284
1352.9285
1352.9286
1352.9287
1352.9288
1352.9289
1352.9290
1352.9291
1352.9292
1352.9293
1352.9294
1352.9295
1352.9296
1352.9297
1352.9298
1352.9299
1352.9300
1352.9301
1352.9302
1352.9303
1352.9304
1352.9305
1352.9306
1352.9307
1352.9308
1352.9309
1352.9310
1352.9312
1352.9313
1352.9314
1352.9315
1352.9316
1352.9317
1352.9318
1352.9319
1352.9321
1352.9322
1352.9323
1352.9324
1352.9325
1352.9326
1352.9327
1352.9328
1352.9329
1352.9330
1352.9331
1352.9332
1352.9333
1352.9334
1352.9335
1352.9336
1352.9337
1352.9338
1352.9339
1352.9340
1352.9341
1352.9342
1352.9343
1352.9344
1352.9345
1352.9346
1352.9347
1352.9348
1352.9349
1352.9350
1352.9351
1352.9352
1352.9353
1352.9354
1352.9355
1352.9356
1352.9357
1352.9358
1352.9359
1352.9360
1352.9361
1352.9362
1352.9363
1352.9364
1352.9365
1352.9366
1352.9367
1352.9368
1352.9369
1352.9370
1352.9371
1352.9372
1352.9373
1352.9374
1352.9375
1352.9376
1352.9377
1352.9378
1352.9379
1352.9380
1352.9381
1352.9382
1352.9383
1352.9385
1352.9386
1352.9387
1352.9388
1352.9389
1352.9390
1352.9391
1352.9392
1352.9393
1352.9394
1352.9395
1352.9396
1352.9397
1352.9399
1352.9400
1352.9401
1352.9402
1352.9403
1352.9404
1352.9405
1352.9407
1352.9408
1352.9409
1352.9410
1352.9411
1352.9412
1352.9413
1352.9414
1352.9415
1352.9416
1352.9417
1352.9418
1352.9419
1352.9420
1352.9421
1352.9422
1352.9423
1352.9424
1352.9425
1352.9426
1352.9427
1352.9428
1352.9429
1352.9430
1352.9431
1352.9432
1352.9433
1352.9434
1352.9435
1352.9436
1352.9437
1352.9438
1352.9439
1352.9440
1352.9441
1352.9442
1352.9443
1352.9444
1352.9445
1352.9446
1352.9447
1352.9448
1352.9449
1352.9450
1352.9451
1352.9452
1352.9453
1352.9454
1352.9455
1352.9456
1352.9457
1352.9458
1352.9460
1352.9461
1352.9462
1352.9463
1352.9464
1352.9465
1352.9466
1352.9467
1352.9468
1352.9470
1352.9471
1352.9472
1352.9473
1352.9474
1352.9475
1352.9476
1352.9477
1352.9478
1352.9479
1352.9480
1352.9483
1352.9484
1352.9485
1352.9486
1352.9488
1352.9489
1352.9490
1352.9492
1352.9493
1352.9494
1352.9495
1352.9496
1352.9497
1352.9498
1352.9499
1352.9500
1352.9501
1352.9502
1352.9503
1352.9504
1352.9505
1352.9506
1352.9507
1352.9508
1352.9509
1352.9510
1352.9511
1352.9512
1352.9513
1352.9514
1352.9515
1352.9516
1352.9517
1352.9518
1352.9519
1352.9520
1352.9521
1352.9522
1352.9523
1352.9524
1352.9525
1352.9526
1352.9527
1352.9528
1352.9530
1352.9531
1352.9532
1352.9533
1352.9534
1352.9535
1352.9536
1352.9537
1352.9538
1352.9539
1352.9540
1352.9541
1352.9542
1352.9543
1352.9544
1352.9545
1352.9546
1352.9547
1352.9548
1352.9549
1352.9550
1352.9551
1352.9552
1352.9553
1352.9554
1352.9555
1352.9556
1352.9557
1352.9558
1352.9559
1352.9560
1352.9561
1352.9562
1352.9563
1352.9564
1352.9565
1352.9566
1352.9567
1352.9568
1352.9569
1352.9570
1352.9571
1352.9572
1352.9573
1352.9574
1352.9575
1352.9576
1352.9577
1352.9578
1352.9579
1352.9580
1352.9581
1352.9582
1352.9583
1352.9584
1352.9585
1352.9586
1352.9587
1352.9588
1352.9589
1352.9590
1352.9591
1352.9592
1352.9593
1352.9594
1352.9595
1352.9596
1352.9597
1352.9598
1352.9599
1352.9600
1352.9601
1352.9602
1352.9603
1352.9604
1352.9605
1352.9606
1352.9607
1352.9608
1352.9609
1352.9610
1352.9611
1352.9612
1352.9613
1352.9614
1352.9615
1352.9616
1352.9617
1352.9618
1352.9619
1352.9620
1352.9621
1352.9622
1352.9623
1352.9624
1352.9625
1352.9626
1352.9627
1352.9628
1352.9629
1352.9630
1352.9631
1352.9632
1352.9633
1352.9634
1352.9635
1352.9636
1352.9638
1352.9639
1352.9640
1352.9641
1352.9642
1352.9643
1352.9644
1352.9645
1352.9646
1352.9647
1352.9649
1352.9650
1352.9651
1352.9652
1352.9653
1352.9654
1352.9655
1352.9656
1352.9657
1352.9658
1352.9659
1352.9660
1352.9661
1352.9662
1352.9663
1352.9664
1352.9665
1352.9666
1352.9667
1352.9668
1352.9670
1352.9671
1352.9672
1352.9673
1352.9674
1352.9675
1352.9676
1352.9678
1352.9679
1352.9680
1352.9681
1352.9682
1352.9683
1352.9684
1352.9685
1352.9686
1352.9687
1352.9688
1352.9689
1352.9690
1352.9691
1352.9692
1352.9693
1352.9694
1352.9695
1352.9696
1352.9697
1352.9698
1352.9699
1352.9700
1352.9701
1352.9702
1352.9703
1352.9704
1352.9705
1352.9706
1352.9707
1352.9708
1352.9711
1352.9712
1352.9713
1352.9714
1352.9716
1352.9717
1352.9718
1352.9719
1352.9720
1352.9721
1352.9722
1352.9723
1352.9724
1352.9725
1352.9726
1352.9727
1352.9728
1352.9729
1352.9730
1352.9731
1352.9732
1352.9734
1352.9735
1352.9736
1352.9737
1352.9739
1352.9740
1352.9741
1352.9742
1352.9743
1352.9744
1352.9745
1352.9746
1352.9747
1352.9748
1352.9750
1352.9751
1352.9752
1352.9753
1352.9755
1352.9756
1352.9757
1352.9758
1352.9759
1352.9760
1352.9761
1352.9762
1352.9763
1352.9764
1352.9766
1352.9767
1352.9768
1352.9769
1352.9772
1352.9773
1352.9774
1352.9775
1352.9776
1352.9777
1352.9778
1352.9780
1352.9781
1352.9782
1352.9783
1352.9785
1352.9786
1352.9787
1352.9788
1352.9789
1352.9790
1352.9791
1352.9792
1352.9793
1352.9794
1352.9795
1352.9797
1352.9798
1352.9799
1352.9800
1352.9801
1352.9802
1352.9804
1352.9806
1352.9807
1352.9808
1352.9809
1352.9810
1352.9811
1352.9812
1352.9813
1352.9815
1352.9816
1352.9817
1352.9818
1352.9819
1352.9820
1352.9821
1352.9822
1352.9824
1352.9825
1352.9826
1352.9827
1352.9828
1352.9829
1352.9830
1352.9831
1352.9832
1352.9833
1352.9834
1352.9835
1352.9836
1352.9837
1352.9838
1352.9839
1352.9840
1352.9841
1352.9842
1352.9843
1352.9845
1352.9846
1352.9847
1352.9848
1352.9850
1352.9851
1352.9852
1352.9854
1352.9855
1352.9856
1352.9857
1352.9858
1352.9859
1352.9860
1352.9861
1352.9862
1352.9863
1352.9865
1352.9866
1352.9867
1352.9868
1352.9869
1352.9870
1352.9871
1352.9872
1352.9873
1352.9875
1352.9876
1352.9877
1352.9878
1352.9879
1352.9881
1352.9882
1352.9883
1352.9884
1352.9885
1352.9886
1352.9887
1352.9889
1352.9892
1352.9893
1352.9894
1352.9895
1352.9896
1352.9897
1352.9898
1352.9899
1352.9900
1352.9901
1352.9902
1352.9903
1352.9904
1352.9905
1352.9906
1352.9907
1352.9908
1352.9909
1352.9910
1352.9911
1352.9912
1352.9913
1352.9914
1352.9915
1352.9916
1352.9918
1352.9919
1352.9921
1352.9922
1352.9923
1352.9925
1352.9926
1352.9927
1352.9928
1352.9929
1352.9930
1352.9931
1352.9932
1352.9933
1352.9934
1352.9936
1352.9937
1352.9938
1352.9939
1352.9940
1352.9941
1352.9942
1352.9943
1352.9944
1352.9945
1352.9946
1352.9947
1352.9948
1352.9949
1352.9950
1352.9951
1352.9952
1352.9953
1352.9954
1352.9955
1352.9956
1352.9957
1352.9958
1352.9959
1352.9960
1352.9961
1352.9962
1352.9963
1352.9965
1352.9966
1352.9967
1352.9968
1352.9970
1352.9971
1352.9973
1352.9974
1352.9975
1352.9976
1352.9977
1352.9978
1352.9979
1352.9981
1352.9982
1352.9983
1352.9984
1352.9985
1352.9986
1352.9987
1352.9988
1352.9989
1352.9990
1352.9991
1352.9993
1352.9994
1352.9995
1352.9996
1352.9997
1352.9998
1352.9999