1351775.3
485.100
485.101
485.102
485.103
485.104
485.105
485.106
485.107
485.108
485.109
485.110
485.111
485.112
485.113
485.114
485.115
485.116
485.117
485.118
485.119
485.120
485.121
485.122
485.123
485.124
485.125
485.126
485.127
485.128
485.129
485.130
485.131
485.132
485.133
485.134
485.135
485.136
485.137
485.138
485.139
485.140
485.141
485.142
485.143
485.144
485.145
485.146
485.147
485.148
485.149
485.150
485.151
485.152
485.153
485.154
485.155
485.156
485.157
485.158
485.159
485.160
485.161
485.162
485.163
485.164
485.165
485.166
485.167
485.168
485.169
485.170
485.171
485.172
485.173
485.174
485.175
485.176
485.177
485.178
485.179
485.180
485.181
485.182
485.183
485.184
485.185
485.186
485.187
485.188
485.189
485.190
485.191
485.192
485.193
485.194
485.195
485.196
485.197
485.198
485.199
485.200
485.201
485.202
485.203
485.204
485.205
485.206
485.207
485.208
485.209
485.210
485.211
485.212
485.213
485.214
485.215
485.216
485.217
485.218
485.219
485.220
485.221
485.222
485.223
485.224
485.225
485.226
485.227
485.228
485.229
485.230
485.231
485.232
485.233
485.234
485.235
485.236
485.237
485.238
485.239
485.240
485.241
485.242
485.243
485.244
485.245
485.246
485.247
485.248
485.249
485.250
485.251
485.252
485.253
485.254
485.255
485.256
485.257
485.258
485.259
485.260
485.261
485.262
485.263
485.264
485.265
485.266
485.267
485.268
485.269
485.270
485.271
485.272
485.273
485.274
485.275
485.276
485.277
485.279
485.280
485.281
485.282
485.283
485.284
485.285
485.286
485.287
485.291
485.292
485.294
485.295
485.298
485.299
485.301
485.305
485.3066
485.307
485.3083
485.3084
485.3085
485.3086
485.3087
485.311
485.312
485.313
485.314
485.316
485.317
485.318
485.319
485.320
485.321
485.322
485.323
485.324
485.325
485.331
485.333
485.3331
485.3340
485.3341
485.3342
485.3343
485.3344
485.3345
485.3346
485.3347
485.3348
485.3349
485.3351
485.3352
485.3353
485.3354
485.3355
485.3356
485.3357
485.3358
485.3359
485.3360
485.3361
485.3362
485.3363
485.3364
485.3365
485.3366
485.3367
485.3368
485.3369
485.3370
485.3371
485.3372
485.3373
485.3374
485.3375
485.3376
485.3377
485.3378
485.3379
485.3380
485.3381
485.3382
485.3383
485.3384
485.3385
485.3386
485.3387
485.3388
485.3389
485.339
485.3390
485.3391
485.3392
485.3393
485.3394
485.3395
485.3396
485.3397
485.3398
485.3399
485.340
485.3400
485.3401
485.3402
485.3403
485.3404
485.3405
485.3406
485.3407
485.3408
485.3409
485.341
485.3410
485.3411
485.3412
485.3413
485.3414
485.3415
485.3416
485.3417
485.3418
485.3419
485.342
485.3420
485.3421
485.3422
485.3423
485.3424
485.3425
485.3426
485.3427
485.3428
485.3429
485.3430
485.3431
485.3432
485.3433
485.3434
485.3435
485.3436
485.3437
485.3438
485.3439
485.344
485.3440
485.3441
485.3442
485.3443
485.3444
485.3445
485.3446
485.3447
485.3448
485.3449
485.345
485.3450
485.3451
485.3452
485.3453
485.3454
485.3455
485.3456
485.3457
485.3458
485.3459
485.3460
485.3461
485.3462
485.3463
485.3464
485.3465
485.3466
485.3467
485.3468
485.3469
485.347
485.3470
485.3471
485.3472
485.3473
485.3474
485.3475
485.3476
485.3477
485.3478
485.3479
485.348
485.3480
485.3481
485.3482
485.3483
485.3484
485.3485
485.3486
485.3487
485.3488
485.3489
485.349
485.3490
485.3491
485.3492
485.3493
485.3494
485.3495
485.3497
485.3498
485.3499
485.3500
485.3501
485.3502
485.3503
485.3504
485.3505
485.3506
485.3507
485.3508
485.3509
485.3510
485.3511
485.3512
485.3514
485.3516
485.3517
485.3518
485.3519
485.3520
485.3521
485.3522
485.3523
485.3524
485.3525
485.3526
485.3527
485.3528
485.3529
485.3530
485.3531
485.3532
485.3533
485.3534
485.3535
485.3536
485.3537
485.3538
485.3539
485.354
485.3540
485.3541
485.3542
485.3543
485.3544
485.3545
485.3546
485.3547
485.3548
485.3549
485.355
485.3550
485.3551
485.3552
485.3553
485.3554
485.3555
485.3556
485.3557
485.3558
485.3559
485.356
485.3560
485.3561
485.3562
485.3563
485.3564
485.3565
485.3566
485.3567
485.3568
485.3569
485.357
485.3570
485.3571
485.3572
485.3573
485.3574
485.3575
485.3576
485.3577
485.3578
485.3579
485.358
485.3580
485.3581
485.3582
485.3583
485.3584
485.3585
485.3586
485.3587
485.3588
485.3589
485.359
485.3590
485.3591
485.3592
485.3593
485.3594
485.3595
485.3596
485.3597
485.3598
485.3599
485.3600
485.3601
485.3602
485.3603
485.3604
485.3605
485.3606
485.3607
485.3608
485.3609
485.3610
485.3611
485.3612
485.3613
485.3614
485.3615
485.3616
485.3617
485.3618
485.3619
485.362
485.3620
485.3621
485.3622
485.3623
485.3624
485.3625
485.3626
485.3627
485.3628
485.3629
485.363
485.3630
485.3632
485.3633
485.3634
485.3635
485.3636
485.3637
485.3638
485.3639
485.364
485.3640
485.3641
485.3642
485.3643
485.3644
485.3645
485.3646
485.3647
485.3648
485.3649
485.365
485.3650
485.3651
485.3652
485.3653
485.3654
485.3655
485.3656
485.3657
485.3658
485.3659
485.3660
485.3661
485.3662
485.3663
485.3664
485.3665
485.3666
485.3667
485.3668
485.3669
485.3670
485.3671
485.3672
485.3673
485.3674
485.3675
485.3676
485.3677
485.3678
485.3679
485.368
485.3680
485.3681
485.3682
485.3683
485.3684
485.3685
485.3686
485.3687
485.3688
485.3689
485.3690
485.3691
485.3692
485.3693
485.3694
485.3695
485.3696
485.3697
485.3698
485.3699
485.3700
485.3701
485.3702
485.3703
485.3704
485.3705
485.3706
485.3707
485.3708
485.3709
485.3710
485.3711
485.3712
485.3713
485.3714
485.3715
485.3716
485.3717
485.3718
485.3719
485.372
485.3720
485.3721
485.3722
485.3723
485.3724
485.3725
485.3726
485.3727
485.3728
485.3729
485.373
485.3730
485.3731
485.3732
485.3733
485.3734
485.3735
485.3736
485.3737
485.3738
485.3739
485.3740
485.3741
485.3742
485.3743
485.3744
485.3745
485.3746
485.3747
485.3748
485.3749
485.375
485.3750
485.3751
485.3752
485.3753
485.3754
485.3755
485.3756
485.3757
485.3758
485.3759
485.3760
485.3761
485.3762
485.3763
485.3764
485.3765
485.3766
485.3767
485.3768
485.3769
485.3770
485.3771
485.3772
485.3773
485.3774
485.3775
485.3776
485.3777
485.3778
485.3779
485.378
485.3780
485.3781
485.3782
485.3783
485.3784
485.3785
485.3786
485.3787
485.3788
485.3789
485.3790
485.3791
485.3792
485.3793
485.3794
485.3795
485.3796
485.3797
485.3798
485.3799
485.380
485.3800
485.3801
485.3802
485.3803
485.3804
485.3805
485.3806
485.3807
485.3808
485.3809
485.3810
485.3811
485.3812
485.3813
485.3814
485.3815
485.3816
485.3817
485.3818
485.3819
485.3820
485.3821
485.3822
485.3823
485.3824
485.3825
485.3826
485.3827
485.3828
485.3829
485.383
485.3830
485.3831
485.3832
485.3833
485.3834
485.3835
485.3836
485.3837
485.3838
485.3839
485.384
485.3840
485.3841
485.3842
485.3843
485.3844
485.3845
485.3846
485.3847
485.3848
485.3849
485.385
485.3850
485.3851
485.3852
485.3853
485.3854
485.3856
485.3857
485.3858
485.3859
485.386
485.3860
485.3861
485.3862
485.3863
485.3864
485.3865
485.3866
485.3867
485.3868
485.3869
485.387
485.3870
485.3871
485.3872
485.3873
485.3874
485.3875
485.3876
485.3877
485.3878
485.3879
485.388
485.3880
485.3881
485.3882
485.3883
485.3884
485.3885
485.3886
485.3887
485.3888
485.3889
485.3890
485.3891
485.3892
485.3893
485.3894
485.3895
485.3896
485.3897
485.3898
485.3899
485.390
485.3900
485.3901
485.3902
485.3903
485.3904
485.3905
485.3906
485.3907
485.3908
485.3909
485.391
485.3910
485.3911
485.3912
485.3913
485.3914
485.3915
485.3916
485.3917
485.3918
485.3919
485.392
485.3920
485.3921
485.3922
485.3923
485.3924
485.3925
485.3926
485.3927
485.3928
485.3929
485.393
485.3930
485.3931
485.3932
485.3933
485.3934
485.3935
485.3936
485.3937
485.3938
485.3939
485.394
485.3940
485.3941
485.3942
485.3943
485.3944
485.3945
485.3946
485.3947
485.3948
485.3949
485.3950
485.3951
485.3952
485.3953
485.3954
485.3955
485.3956
485.3957
485.3958
485.3959
485.396
485.3960
485.3961
485.3962
485.3963
485.3964
485.3965
485.3966
485.3967
485.3968
485.3969
485.3970
485.3971
485.3972
485.3973
485.3974
485.3975
485.3976
485.3977
485.3978
485.3979
485.3980
485.3981
485.3982
485.3983
485.3984
485.3985
485.3986
485.3987
485.3988
485.3989
485.3990
485.3991
485.3992
485.3993
485.3994
485.3995
485.3996
485.3997
485.3998
485.3999
485.4000
485.4001
485.4002
485.4003
485.4004
485.4005
485.4006
485.4007
485.4008
485.4009
485.4010
485.4011
485.4012
485.4013
485.4014
485.4015
485.4016
485.4017
485.4018
485.4019
485.4020
485.4021
485.4022
485.4023
485.4024
485.4025
485.4026
485.4027
485.4028
485.4029
485.4030
485.4031
485.4032
485.4033
485.4034
485.4035
485.4036
485.4037
485.4038
485.4039
485.404
485.4040
485.4041
485.4042
485.4043
485.4044
485.4045
485.4046
485.4047
485.4048
485.4049
485.405
485.4050
485.4051
485.4052
485.4053
485.4054
485.4055
485.4056
485.4057
485.4058
485.4059
485.406
485.4060
485.4061
485.4062
485.4063
485.4064
485.4065
485.4066
485.4067
485.4068
485.4069
485.4070
485.4071
485.4072
485.4073
485.4074
485.4075
485.4076
485.4077
485.4078
485.4079
485.408
485.4080
485.4081
485.4082
485.4083
485.4084
485.4085
485.4086
485.4087
485.4088
485.4089
485.409
485.4090
485.4091
485.4092
485.4093
485.4094
485.4095
485.4096
485.4097
485.4098
485.4099
485.41
485.410
485.4100
485.4101
485.4102
485.4103
485.4104
485.4105
485.4106
485.4107
485.4108
485.4109
485.411
485.4110
485.4111
485.4112
485.4113
485.4114
485.4115
485.4116
485.4117
485.4118
485.4119
485.4120
485.4121
485.4122
485.4123
485.4124
485.4125
485.4126
485.4127
485.4128
485.4129
485.4130
485.4131
485.4132
485.4133
485.4134
485.4135
485.4136
485.4137
485.4138
485.4139
485.414
485.4140
485.4141
485.4142
485.4143
485.4144
485.4145
485.4146
485.4147
485.4148
485.4149
485.415
485.4150
485.4151
485.4152
485.4153
485.4154
485.4155
485.4156
485.4157
485.4158
485.4159
485.4160
485.4161
485.4162
485.4163
485.4164
485.4165
485.4166
485.4167
485.4168
485.4169
485.4170
485.4171
485.4172
485.4173
485.4174
485.4175
485.4176
485.4177
485.4178
485.4179
485.4180
485.4181
485.4182
485.4183
485.4184
485.4185
485.4186
485.4187
485.4188
485.4189
485.4190
485.4191
485.4192
485.4193
485.4194
485.4195
485.4196
485.4197
485.4198
485.4199
485.42
485.420
485.4200
485.4201
485.4202
485.4203
485.4204
485.4205
485.4206
485.4207
485.4208
485.4209
485.421
485.4210
485.4211
485.4212
485.4214
485.4215
485.4216
485.4217
485.4218
485.4219
485.422
485.4220
485.4221
485.4222
485.4223
485.4224
485.4225
485.4226
485.4227
485.4228
485.423
485.4231
485.4232
485.4233
485.4234
485.4235
485.4236
485.4238
485.4240
485.4241
485.4242
485.4243
485.4244
485.4245
485.4246
485.4247
485.4248
485.4249
485.425
485.4250
485.4251
485.4252
485.4253
485.4254
485.4255
485.4256
485.4257
485.4258
485.4259
485.4260
485.4261
485.4262
485.4263
485.4264
485.4265
485.4266
485.4267
485.4268
485.4269
485.427
485.4270
485.4271
485.4272
485.4273
485.4274
485.4275
485.4276
485.4277
485.4278
485.4279
485.428
485.4280
485.4281
485.4282
485.4283
485.4284
485.4285
485.4286
485.4287
485.4288
485.4289
485.4290
485.4291
485.4292
485.4293
485.4294
485.4295
485.4296
485.4297
485.4298
485.4299
485.43
485.4300
485.4301
485.4302
485.4303
485.4304
485.4305
485.4306
485.4307
485.4308
485.4309
485.431
485.4310
485.4311
485.4312
485.4313
485.4314
485.4315
485.4316
485.4317
485.4318
485.4319
485.4320
485.4321
485.4322
485.4323
485.4324
485.4325
485.4326
485.4327
485.4328
485.4329
485.433
485.4330
485.4331
485.4332
485.4333
485.4334
485.4335
485.4336
485.4337
485.4338
485.4339
485.434
485.4340
485.4341
485.4342
485.4343
485.4344
485.4345
485.4346
485.4347
485.4348
485.4349
485.435
485.4350
485.4351
485.4352
485.4353
485.4354
485.4355
485.4356
485.4357
485.4358
485.4359
485.436
485.4360
485.4361
485.4362
485.4363
485.4364
485.4365
485.4366
485.4367
485.4368
485.4369
485.4370
485.4371
485.4372
485.4373
485.4374
485.4375
485.4376
485.4377
485.4378
485.4379
485.4380
485.4381
485.4382
485.4383
485.4384
485.4385
485.4386
485.4387
485.4388
485.4389
485.4390
485.4391
485.4392
485.4393
485.4394
485.4395
485.4396
485.4397
485.4398
485.4399
485.44
485.440
485.4400
485.4401
485.4402
485.4403
485.4404
485.4405
485.4406
485.4407
485.4408
485.4409
485.441
485.4410
485.4411
485.4412
485.4413
485.4414
485.4415
485.4416
485.4417
485.4418
485.4419
485.442
485.4420
485.4421
485.4422
485.4423
485.4424
485.4425
485.4426
485.4427
485.4428
485.4429
485.443
485.4430
485.4431
485.4432
485.4433
485.4434
485.4435
485.4436
485.4437
485.4438
485.4439
485.4440
485.4441
485.4443
485.4444
485.4445
485.4446
485.4447
485.4448
485.4449
485.4450
485.4451
485.4452
485.4453
485.4454
485.4455
485.4456
485.4457
485.4458
485.4459
485.446
485.4460
485.4461
485.4462
485.4463
485.4464
485.4465
485.4466
485.4467
485.4468
485.4469
485.447
485.4470
485.4471
485.4472
485.4473
485.4474
485.4475
485.4476
485.4477
485.4478
485.4479
485.448
485.4480
485.4481
485.4482
485.4483
485.4484
485.4485
485.4486
485.4487
485.4488
485.4489
485.449
485.4490
485.4491
485.4492
485.4493
485.4494
485.4495
485.4496
485.4497
485.4498
485.4499
485.450
485.4500
485.4501
485.4502
485.4503
485.4504
485.4505
485.4506
485.4507
485.4508
485.4509
485.4510
485.4511
485.4512
485.4513
485.4514
485.4515
485.4516
485.4517
485.4518
485.4519
485.4520
485.4521
485.4522
485.4523
485.4524
485.4525
485.4526
485.4527
485.4528
485.4529
485.453
485.4530
485.4531
485.4532
485.4533
485.4534
485.4535
485.4536
485.4537
485.4538
485.4539
485.4540
485.4541
485.4542
485.4543
485.4544
485.4545
485.4546
485.4547
485.4548
485.4549
485.4550
485.4551
485.4552
485.4553
485.4554
485.4555
485.4556
485.4557
485.4558
485.4559
485.4560
485.4561
485.4562
485.4563
485.4564
485.4565
485.4566
485.4567
485.4568
485.4569
485.4570
485.4571
485.4572
485.4573
485.4574
485.4575
485.4576
485.4577
485.4578
485.4579
485.458
485.4580
485.4581
485.4582
485.4583
485.4584
485.4585
485.4586
485.4587
485.4588
485.4589
485.4590
485.4591
485.4592
485.4593
485.4594
485.4595
485.4596
485.4597
485.4598
485.4599
485.460
485.4600
485.4601
485.4602
485.4603
485.4604
485.4605
485.4606
485.4607
485.4608
485.4609
485.461
485.4610
485.4611
485.4612
485.4613
485.4614
485.4615
485.4616
485.4617
485.4618
485.4619
485.4620
485.4621
485.4622
485.4623
485.4624
485.4625
485.4626
485.4627
485.4628
485.4629
485.4630
485.4631
485.4632
485.4633
485.4634
485.4635
485.4636
485.4637
485.4638
485.4639
485.464
485.4640
485.4641
485.4642
485.4643
485.4644
485.4645
485.4646
485.4647
485.4648
485.4649
485.4650
485.4651
485.4652
485.4653
485.4654
485.4655
485.4656
485.4657
485.4658
485.4659
485.466
485.4660
485.4661
485.4662
485.4663
485.4664
485.4665
485.4666
485.4667
485.4668
485.4669
485.467
485.4670
485.4671
485.4672
485.4673
485.4674
485.4675
485.4676
485.4677
485.4678
485.4679
485.4680
485.4681
485.4682
485.4683
485.4685
485.4686
485.4687
485.4688
485.4689
485.4690
485.4691
485.4692
485.4693
485.4694
485.4695
485.4696
485.4697
485.4698
485.4699
485.470
485.4700
485.4701
485.4702
485.4703
485.4704
485.4705
485.4706
485.4707
485.4708
485.4709
485.471
485.4710
485.4711
485.4712
485.4713
485.4714
485.4715
485.4716
485.4717
485.4718
485.4719
485.472
485.4720
485.4721
485.4722
485.4723
485.4724
485.4725
485.4726
485.4727
485.4728
485.4729
485.473
485.4730
485.4731
485.4732
485.4733
485.4734
485.4735
485.4736
485.4737
485.4738
485.4739
485.474
485.4740
485.4741
485.4742
485.4743
485.4744
485.4745
485.4746
485.4747
485.4748
485.4749
485.475
485.4750
485.4751
485.4752
485.4753
485.4754
485.4755
485.4756
485.4757
485.4758
485.4759
485.476
485.4760
485.4761
485.4762
485.4763
485.4764
485.4765
485.4766
485.4767
485.4768
485.4769
485.477
485.4770
485.4771
485.4772
485.4773
485.4774
485.4775
485.4776
485.4777
485.4778
485.4779
485.478
485.4780
485.4781
485.4782
485.4783
485.4784
485.4785
485.4786
485.4787
485.4788
485.4789
485.4790
485.4791
485.4792
485.4793
485.4794
485.4795
485.4796
485.4797
485.4798
485.4799
485.4800
485.4801
485.4802
485.4803
485.4804
485.4805
485.4806
485.4807
485.4808
485.4809
485.4810
485.4811
485.4812
485.4813
485.4814
485.4815
485.4816
485.4817
485.4818
485.4819
485.4820
485.4821
485.4822
485.4823
485.4824
485.4825
485.4826
485.4827
485.4828
485.4829
485.483
485.4830
485.4831
485.4832
485.4833
485.4834
485.4835
485.4836
485.4837
485.4838
485.4839
485.4840
485.4841
485.4842
485.4843
485.4844
485.4845
485.4846
485.4847
485.4848
485.4849
485.4850
485.4851
485.4852
485.4853
485.4854
485.4855
485.4856
485.4857
485.4858
485.4859
485.486
485.4860
485.4861
485.4862
485.4863
485.4864
485.4865
485.4866
485.4867
485.4868
485.4869
485.487
485.4870
485.4871
485.4872
485.4873
485.4874
485.4875
485.4876
485.4877
485.4878
485.4879
485.488
485.4880
485.4881
485.4882
485.4883
485.4884
485.4885
485.4886
485.4887
485.4888
485.4889
485.4890
485.4891
485.4892
485.4893
485.4894
485.4895
485.4896
485.4897
485.4898
485.4899
485.4900
485.4901
485.4902
485.4903
485.4904
485.4905
485.4906
485.4907
485.4908
485.4909
485.4910
485.4911
485.4912
485.4913
485.4914
485.4915
485.4916
485.4917
485.4918
485.4919
485.4920
485.4921
485.4922
485.4923
485.4924
485.4925
485.4926
485.4927
485.4928
485.4929
485.4930
485.4931
485.4932
485.4933
485.4934
485.4935
485.4936
485.4937
485.4938
485.4939
485.494
485.4940
485.4941
485.4942
485.4943
485.4944
485.4945
485.4946
485.4947
485.4948
485.4949
485.495
485.4950
485.4951
485.4952
485.4953
485.4954
485.4955
485.4956
485.4957
485.4958
485.4959
485.496
485.4960
485.4961
485.4962
485.4963
485.4964
485.4965
485.4966
485.4967
485.4968
485.4969
485.497
485.4970
485.4971
485.4972
485.4973
485.4974
485.4975
485.4976
485.4977
485.4978
485.4979
485.498
485.4980
485.4981
485.4982
485.4983
485.4984
485.4985
485.4986
485.4987
485.4988
485.4989
485.4990
485.4991
485.4992
485.4993
485.4994
485.4995
485.4996
485.4997
485.4998
485.4999
485.500
485.5000
485.5001
485.5002
485.5003
485.5004
485.5005
485.5006
485.5007
485.5008
485.5009
485.5010
485.5011
485.5012
485.5013
485.5014
485.5015
485.5016
485.5017
485.5018
485.5019
485.502
485.5020
485.5021
485.5022
485.5023
485.5024
485.5025
485.5026
485.5027
485.5028
485.5029
485.5030
485.5031
485.5032
485.5033
485.5034
485.5035
485.5036
485.5037
485.5038
485.5039
485.5040
485.5041
485.5042
485.5043
485.5044
485.5046
485.5047
485.5048
485.5049
485.5050
485.5051
485.5052
485.5053
485.5054
485.5055
485.5056
485.5057
485.5058
485.5059
485.506
485.5060
485.5061
485.5062
485.5063
485.5064
485.5065
485.5066
485.5067
485.5068
485.5069
485.507
485.5070
485.5071
485.5072
485.5073
485.5074
485.5075
485.5076
485.5077
485.5078
485.5079
485.5080
485.5081
485.5082
485.5083
485.5084
485.5085
485.5086
485.5087
485.5088
485.5089
485.5090
485.5091
485.5092
485.5093
485.5094
485.5095
485.5096
485.5097
485.5098
485.5099
485.51
485.5100
485.5101
485.5102
485.5103
485.5104
485.5105
485.5106
485.5107
485.5108
485.5109
485.511
485.5110
485.5111
485.5112
485.5113
485.5114
485.5115
485.5116
485.5117
485.5118
485.5119
485.512
485.5120
485.5121
485.5122
485.5123
485.5124
485.5125
485.5126
485.5127
485.5128
485.5129
485.513
485.5130
485.5131
485.5132
485.5133
485.5134
485.5135
485.5136
485.5137
485.5138
485.5139
485.514
485.5140
485.5141
485.5142
485.5143
485.5144
485.5145
485.5146
485.5147
485.5148
485.5149
485.515
485.5150
485.5151
485.5152
485.5153
485.5154
485.5155
485.5156
485.5157
485.5158
485.5159
485.516
485.5160
485.5161
485.5162
485.5163
485.5164
485.5165
485.5166
485.5167
485.5168
485.5169
485.517
485.5170
485.5171
485.5172
485.5173
485.5174
485.5175
485.5176
485.5177
485.5178
485.5179
485.518
485.5180
485.5181
485.5182
485.5183
485.5184
485.5185
485.5186
485.5187
485.5188
485.5189
485.519
485.5190
485.5191
485.5192
485.5193
485.5194
485.5195
485.5196
485.5197
485.5198
485.5199
485.52
485.520
485.5200
485.5201
485.5202
485.5203
485.5204
485.5205
485.5206
485.5207
485.5208
485.5209
485.521
485.5210
485.5211
485.5212
485.5213
485.5214
485.5215
485.5216
485.5217
485.5218
485.5219
485.522
485.5220
485.5221
485.5222
485.5223
485.5224
485.5225
485.5226
485.5227
485.5228
485.5229
485.523
485.5230
485.5231
485.5232
485.5233
485.5234
485.5235
485.5236
485.5237
485.5238
485.5239
485.524
485.5240
485.5241
485.5242
485.5244
485.5245
485.5246
485.5247
485.5249
485.525
485.5250
485.5251
485.5254
485.5255
485.5256
485.5257
485.5258
485.5259
485.526
485.5260
485.5261
485.5262
485.5263
485.5264
485.5265
485.5266
485.5267
485.5268
485.5269
485.527
485.5270
485.5271
485.5272
485.5273
485.5274
485.5275
485.5276
485.5277
485.5278
485.5279
485.528
485.5280
485.5281
485.5282
485.5283
485.5284
485.5285
485.5286
485.5287
485.5288
485.5289
485.529
485.5290
485.5291
485.5292
485.5293
485.5294
485.5295
485.5296
485.5297
485.5298
485.5299
485.53
485.530
485.5300
485.5301
485.5302
485.5303
485.5304
485.5305
485.5306
485.5307
485.5308
485.5309
485.531
485.5310
485.5311
485.5312
485.5313
485.5314
485.5315
485.5316
485.5317
485.5318
485.5319
485.532
485.5320
485.5321
485.5322
485.5323
485.5324
485.5325
485.5326
485.5327
485.5328
485.5329
485.533
485.5330
485.5331
485.5332
485.5333
485.5334
485.5335
485.5336
485.5337
485.5338
485.5339
485.534
485.5340
485.5341
485.5342
485.5343
485.5344
485.5345
485.5346
485.5347
485.5348
485.5349
485.535
485.5350
485.5351
485.5352
485.5353
485.5354
485.5355
485.5356
485.5357
485.5358
485.5359
485.536
485.5360
485.5361
485.5362
485.5363
485.5364
485.5365
485.5366
485.5367
485.5368
485.5369
485.537
485.5370
485.5371
485.5372
485.5373
485.5374
485.5375
485.5376
485.5377
485.5378
485.5379
485.5380
485.5381
485.5382
485.5383
485.5384
485.5385
485.5386
485.5387
485.5388
485.5389
485.539
485.5390
485.5391
485.5392
485.5393
485.5394
485.5395
485.5396
485.5397
485.5398
485.5399
485.54
485.540
485.5400
485.5401
485.5402
485.5403
485.5404
485.5405
485.5406
485.5407
485.5408
485.5409
485.541
485.5410
485.5411
485.5412
485.5413
485.5414
485.5415
485.5416
485.5417
485.5418
485.5419
485.542
485.5420
485.5421
485.5422
485.5423
485.5424
485.5425
485.5426
485.5427
485.5428
485.5429
485.543
485.5430
485.5431
485.5432
485.5433
485.5434
485.5435
485.5436
485.5437
485.5438
485.5439
485.544
485.5440
485.5441
485.5442
485.5443
485.5444
485.5445
485.5446
485.5447
485.5448
485.5449
485.545
485.5450
485.5451
485.5452
485.5453
485.5454
485.5455
485.5456
485.5457
485.5458
485.5459
485.546
485.5460
485.5461
485.5462
485.5463
485.5464
485.5465
485.5466
485.5467
485.5468
485.5469
485.547
485.5470
485.5471
485.5472
485.5473
485.5474
485.5475
485.5476
485.5477
485.5478
485.5479
485.548
485.5480
485.5481
485.5482
485.5483
485.5484
485.5485
485.5486
485.5487
485.5488
485.5489
485.549
485.5490
485.5491
485.5492
485.5493
485.5494
485.5495
485.5496
485.5497
485.5498
485.5499
485.55
485.550
485.5500
485.5501
485.5502
485.5503
485.5504
485.5505
485.5506
485.5507
485.5508
485.5509
485.551
485.5510
485.5511
485.5512
485.5513
485.5514
485.5515
485.5516
485.5517
485.5518
485.5519
485.552
485.5520
485.5521
485.5522
485.5523
485.5524
485.5525
485.5526
485.5527
485.5528
485.5529
485.553
485.5530
485.5531
485.5532
485.5533
485.5534
485.5535
485.5536
485.5537
485.5538
485.5539
485.554
485.5540
485.5541
485.5542
485.5543
485.5544
485.5545
485.5546
485.5547
485.5548
485.5549
485.555
485.5550
485.5551
485.5552
485.5553
485.5554
485.5555
485.5556
485.5557
485.5558
485.5559
485.556
485.5560
485.5561
485.5562
485.5563
485.5564
485.5565
485.5566
485.5567
485.5568
485.5569
485.557
485.5570
485.5571
485.5572
485.5573
485.5574
485.5575
485.5576
485.5577
485.5578
485.5579
485.558
485.5580
485.5581
485.5582
485.5583
485.5584
485.5585
485.5586
485.5588
485.5589
485.559
485.5590
485.5591
485.5592
485.5593
485.5594
485.5595
485.5596
485.5597
485.5598
485.5599
485.56
485.560
485.5600
485.5601
485.5602
485.5603
485.5604
485.5605
485.5606
485.5607
485.5608
485.5609
485.561
485.5610
485.5611
485.5612
485.5613
485.5614
485.5615
485.5616
485.5617
485.5618
485.5619
485.562
485.5620
485.5621
485.5622
485.5623
485.5624
485.5625
485.5626
485.5627
485.5628
485.5629
485.563
485.5630
485.5631
485.5632
485.5633
485.5634
485.5635
485.5636
485.5637
485.5638
485.5639
485.564
485.5640
485.5641
485.5642
485.5643
485.5644
485.5645
485.5646
485.5647
485.5648
485.5649
485.565
485.5650
485.5651
485.5652
485.5653
485.5654
485.5655
485.5656
485.5657
485.5658
485.5659
485.566
485.5660
485.5661
485.5662
485.5663
485.5664
485.5665
485.5666
485.5667
485.5668
485.5669
485.567
485.5670
485.5671
485.5672
485.5673
485.5674
485.5675
485.5676
485.5677
485.5678
485.5679
485.568
485.5680
485.5681
485.5682
485.5683
485.5684
485.5685
485.5686
485.5687
485.5688
485.5689
485.569
485.5690
485.5691
485.5692
485.5693
485.5694
485.5695
485.5696
485.5697
485.5698
485.5699
485.57
485.570
485.5700
485.5701
485.5702
485.5703
485.5704
485.5705
485.5706
485.5707
485.5708
485.5709
485.571
485.5710
485.5711
485.5712
485.5713
485.5714
485.5715
485.5716
485.5717
485.5718
485.5719
485.572
485.5720
485.5721
485.5722
485.5723
485.5724
485.5725
485.5726
485.5727
485.5728
485.5729
485.573
485.5730
485.5731
485.5732
485.5733
485.5734
485.5735
485.5736
485.5737
485.5738
485.5739
485.574
485.5740
485.5741
485.5742
485.5743
485.5744
485.5745
485.5746
485.5747
485.5748
485.5749
485.575
485.5750
485.5751
485.5753
485.5754
485.5755
485.5756
485.5757
485.5758
485.5759
485.576
485.5760
485.5761
485.5762
485.5763
485.5764
485.5765
485.5766
485.5767
485.5768
485.5769
485.577
485.5770
485.5771
485.5772
485.5773
485.5774
485.5775
485.5776
485.5777
485.5778
485.5779
485.578
485.5780
485.5781
485.5782
485.5783
485.5784
485.5785
485.5786
485.5787
485.5788
485.5789
485.579
485.5790
485.5791
485.5792
485.5793
485.5794
485.5795
485.5796
485.5797
485.5799
485.58
485.580
485.5800
485.5801
485.5802
485.5803
485.5804
485.5805
485.5806
485.5807
485.5808
485.5809
485.581
485.5810
485.5811
485.5812
485.5813
485.5814
485.5816
485.5817
485.5818
485.5819
485.582
485.5820
485.5821
485.5822
485.5823
485.5824
485.5825
485.5826
485.5827
485.5828
485.5829
485.583
485.5830
485.5831
485.5832
485.5833
485.5834
485.5835
485.5836
485.5837
485.5838
485.5839
485.584
485.5840
485.5841
485.5842
485.5843
485.5844
485.5845
485.5846
485.5847
485.5848
485.5849
485.585
485.5850
485.5851
485.5852
485.5853
485.5854
485.5855
485.5856
485.5857
485.5858
485.5859
485.586
485.5860
485.5861
485.5862
485.5863
485.5864
485.5865
485.5866
485.5868
485.587
485.5871
485.5874
485.5878
485.5879
485.588
485.5880
485.5881
485.5882
485.5883
485.5884
485.5885
485.5886
485.5887
485.5888
485.5889
485.589
485.5890
485.5891
485.5892
485.5893
485.5895
485.5896
485.5897
485.5898
485.5899
485.59
485.590
485.5900
485.5901
485.5902
485.5903
485.5904
485.5905
485.5906
485.5907
485.5908
485.5909
485.591
485.5910
485.5911
485.5912
485.5913
485.5914
485.5915
485.5916
485.5917
485.5918
485.5919
485.592
485.5920
485.5921
485.5922
485.5923
485.5924
485.5925
485.5926
485.5927
485.5928
485.5929
485.593
485.5930
485.5931
485.5932
485.5933
485.5934
485.5935
485.5936
485.5937
485.5938
485.5939
485.594
485.5940
485.5941
485.5942
485.5943
485.5944
485.5945
485.5946
485.5947
485.5948
485.5949
485.595
485.5950
485.5951
485.5952
485.5953
485.5954
485.5955
485.5956
485.5957
485.5958
485.5959
485.596
485.5960
485.5961
485.5962
485.5963
485.5964
485.5965
485.5966
485.5967
485.5968
485.5969
485.597
485.5970
485.5971
485.5972
485.5973
485.5974
485.5975
485.5976
485.5977
485.5978
485.5979
485.598
485.5980
485.5981
485.5982
485.5983
485.5984
485.5985
485.5986
485.5987
485.5988
485.5989
485.599
485.5990
485.5991
485.5992
485.5993
485.5994
485.5995
485.5996
485.5997
485.5998
485.5999
485.60
485.600
485.6000
485.6001
485.6002
485.6003
485.6004
485.6005
485.6006
485.6007
485.6008
485.6009
485.601
485.6010
485.6011
485.6012
485.6013
485.6014
485.6015
485.6016
485.6017
485.6018
485.6019
485.602
485.6020
485.6021
485.6022
485.6023
485.6024
485.6025
485.6026
485.6027
485.6028
485.6029
485.6030
485.6031
485.6032
485.6033
485.6034
485.6035
485.6036
485.6037
485.6038
485.6039
485.6040
485.6041
485.6042
485.6043
485.6044
485.6045
485.6046
485.6047
485.6048
485.6049
485.6050
485.6051
485.6052
485.6053
485.6054
485.6055
485.6056
485.6057
485.6058
485.6059
485.6060
485.6061
485.6062
485.6063
485.6064
485.6065
485.6066
485.6067
485.6068
485.6069
485.6070
485.6071
485.6072
485.6073
485.6074
485.6075
485.6076
485.6077
485.6078
485.6079
485.6080
485.6081
485.6082
485.6083
485.6084
485.6085
485.6086
485.6087
485.6088
485.6089
485.6090
485.6091
485.6092
485.6093
485.6094
485.6095
485.6096
485.6097
485.6098
485.6099
485.61
485.6100
485.6101
485.6102
485.6103
485.6104
485.6105
485.6106
485.6107
485.6108
485.6109
485.6110
485.6111
485.6112
485.6113
485.6114
485.6115
485.6116
485.6117
485.6118
485.6119
485.6120
485.6121
485.6122
485.6123
485.6124
485.6125
485.6126
485.6127
485.6128
485.6129
485.6130
485.6131
485.6132
485.6133
485.6134
485.6135
485.6136
485.6137
485.6138
485.6139
485.6140
485.6141
485.6142
485.6143
485.6144
485.6145
485.6146
485.6147
485.6148
485.6149
485.6150
485.6151
485.6152
485.6153
485.6154
485.6155
485.6156
485.6157
485.6158
485.6159
485.6160
485.6161
485.6162
485.6163
485.6164
485.6165
485.6166
485.6167
485.6168
485.6169
485.6170
485.6171
485.6172
485.6173
485.6174
485.6175
485.6176
485.6177
485.6178
485.6179
485.6180
485.6181
485.6182
485.6183
485.6184
485.6185
485.6186
485.6187
485.6188
485.6189
485.6190
485.6191
485.6192
485.6193
485.6194
485.6195
485.6196
485.6197
485.6198
485.6199
485.62
485.6200
485.6201
485.6202
485.6203
485.6204
485.6205
485.6206
485.6207
485.6208
485.6209
485.6210
485.6211
485.6212
485.6213
485.6214
485.6215
485.6216
485.6217
485.6218
485.6219
485.6220
485.6221
485.6222
485.6223
485.6224
485.6225
485.6226
485.6227
485.6228
485.6229
485.6230
485.6231
485.6232
485.6233
485.6234
485.6235
485.6236
485.6237
485.6238
485.6239
485.6240
485.6241
485.6242
485.6243
485.6244
485.6245
485.6246
485.6247
485.6248
485.6249
485.6250
485.6251
485.6252
485.6254
485.6255
485.6256
485.6257
485.6258
485.6259
485.6260
485.6261
485.6262
485.6263
485.6264
485.6265
485.6266
485.6267
485.6268
485.6269
485.6270
485.6271
485.6272
485.6273
485.6274
485.6275
485.6276
485.6277
485.6278
485.6279
485.6280
485.6281
485.6282
485.6283
485.6284
485.6285
485.6286
485.6287
485.6288
485.6289
485.6290
485.6291
485.6292
485.6293
485.6294
485.6295
485.6296
485.6297
485.6298
485.6299
485.63
485.6300
485.6301
485.6302
485.6303
485.6304
485.6305
485.6306
485.6307
485.6308
485.6309
485.6310
485.6311
485.6312
485.6313
485.6314
485.6315
485.6316
485.6317
485.6318
485.6319
485.6320
485.6321
485.6322
485.6323
485.6324
485.6325
485.6326
485.6327
485.6328
485.6329
485.6330
485.6331
485.6332
485.6333
485.6334
485.6335
485.6336
485.6337
485.6338
485.6339
485.6340
485.6341
485.6342
485.6343
485.6344
485.6345
485.6346
485.6347
485.6348
485.6349
485.6350
485.6351
485.6352
485.6353
485.6354
485.6355
485.6356
485.6357
485.6358
485.6359
485.6360
485.6361
485.6362
485.6363
485.6364
485.6365
485.6366
485.6367
485.6368
485.6369
485.6370
485.6371
485.6372
485.6373
485.6374
485.6375
485.6376
485.6377
485.6378
485.6379
485.6380
485.6381
485.6382
485.6383
485.6384
485.6385
485.6386
485.6387
485.6388
485.6389
485.6390
485.6391
485.6392
485.6393
485.6394
485.6395
485.6396
485.6397
485.6398
485.6399
485.64
485.6400
485.6401
485.6402
485.6403
485.6404
485.6405
485.6406
485.6407
485.6408
485.6409
485.6410
485.6411
485.6412
485.6413
485.6415
485.6416
485.6417
485.6418
485.6419
485.6420
485.6421
485.6422
485.6423
485.6424
485.6425
485.6426
485.6427
485.6428
485.6429
485.6430
485.6431
485.6432
485.6433
485.6434
485.6435
485.6436
485.6437
485.6438
485.6439
485.6440
485.6441
485.6442
485.6443
485.6444
485.6445
485.6446
485.6447
485.6448
485.6449
485.6450
485.6451
485.6452
485.6453
485.6454
485.6455
485.6456
485.6457
485.6458
485.6459
485.6460
485.6461
485.6462
485.6463
485.6464
485.6465
485.6466
485.6467
485.6468
485.6469
485.6470
485.6471
485.6472
485.6473
485.6474
485.6475
485.6476
485.6477
485.6478
485.6479
485.6480
485.6481
485.6482
485.6483
485.6484
485.6485
485.6486
485.6487
485.6488
485.6489
485.6490
485.6491
485.6492
485.6493
485.6494
485.6495
485.6496
485.6497
485.6498
485.6499
485.65
485.6500
485.6501
485.6502
485.6503
485.6504
485.6505
485.6506
485.6507
485.6508
485.6509
485.6510
485.6511
485.6512
485.6513
485.6514
485.6515
485.6516
485.6517
485.6518
485.6519
485.6520
485.6521
485.6522
485.6523
485.6524
485.6525
485.6526
485.6527
485.6528
485.6529
485.6530
485.6531
485.6532
485.6533
485.6534
485.6535
485.6536
485.6537
485.6538
485.6539
485.6540
485.6541
485.6542
485.6543
485.6544
485.6545
485.6546
485.6547
485.6548
485.6549
485.6550
485.6551
485.6552
485.6553
485.6554
485.6555
485.6556
485.6557
485.6558
485.6559
485.6560
485.6561
485.6562
485.6563
485.6564
485.6565
485.6566
485.6567
485.6568
485.6569
485.6570
485.6571
485.6572
485.6573
485.6574
485.6575
485.6576
485.6577
485.6578
485.6579
485.6580
485.6581
485.6582
485.6583
485.6584
485.6585
485.6586
485.6587
485.6589
485.6590
485.6591
485.6592
485.6593
485.6594
485.6595
485.6596
485.6597
485.6598
485.6599
485.66
485.6600
485.6601
485.6602
485.6603
485.6604
485.6605
485.6606
485.6607
485.6608
485.6609
485.6610
485.6611
485.6612
485.6613
485.6614
485.6615
485.6616
485.6617
485.6618
485.6619
485.6620
485.6621
485.6622
485.6623
485.6624
485.6625
485.6626
485.6627
485.6628
485.6629
485.6630
485.6631
485.6632
485.6633
485.6634
485.6635
485.6636
485.6637
485.6638
485.6639
485.6640
485.6641
485.6642
485.6643
485.6644
485.6645
485.6646
485.6647
485.6648
485.6649
485.6650
485.6651
485.6652
485.6653
485.6654
485.6655
485.6656
485.6657
485.6658
485.6659
485.6660
485.6661
485.6662
485.6663
485.6664
485.6665
485.6666
485.6667
485.6668
485.6669
485.6670
485.6671
485.6672
485.6673
485.6674
485.6675
485.6676
485.6677
485.6678
485.6679
485.6680
485.6681
485.6682
485.6683
485.6684
485.6685
485.6686
485.6687
485.6688
485.6689
485.6690
485.6691
485.6692
485.6693
485.6694
485.6695
485.6696
485.6697
485.6698
485.6699
485.67
485.6700
485.6701
485.6702
485.6703
485.6704
485.6705
485.6706
485.6707
485.6708
485.6709
485.6710
485.6711
485.6712
485.6713
485.6714
485.6715
485.6716
485.6717
485.6718
485.6719
485.6720
485.6721
485.6722
485.6723
485.6724
485.6725
485.6726
485.6727
485.6728
485.6729
485.6730
485.6731
485.6732
485.6733
485.6734
485.6735
485.6736
485.6737
485.6738
485.6739
485.6740
485.6741
485.6742
485.6743
485.6744
485.6745
485.6746
485.6747
485.6748
485.6749
485.6750
485.6751
485.6752
485.6753
485.6754
485.6755
485.6756
485.6757
485.6758
485.6759
485.6760
485.6761
485.6762
485.6763
485.6764
485.6765
485.6766
485.6767
485.6769
485.6770
485.6771
485.6772
485.6773
485.6774
485.6775
485.6776
485.6777
485.6778
485.6779
485.6780
485.6781
485.6782
485.6783
485.6784
485.6785
485.6786
485.6787
485.6788
485.6789
485.6790
485.6791
485.6792
485.6793
485.6794
485.6795
485.6796
485.6797
485.6798
485.6799
485.68
485.6800
485.6801
485.6802
485.6803
485.6804
485.6805
485.6806
485.6807
485.6808
485.6809
485.6810
485.6811
485.6812
485.6813
485.6814
485.6815
485.6816
485.6817
485.6818
485.6819
485.6820
485.6821
485.6822
485.6823
485.6824
485.6825
485.6826
485.6827
485.6828
485.6829
485.6830
485.6831
485.6832
485.6833
485.6834
485.6835
485.6836
485.6837
485.6838
485.6839
485.6840
485.6841
485.6842
485.6843
485.6844
485.6845
485.6846
485.6847
485.6848
485.6849
485.6850
485.6851
485.6852
485.6853
485.6854
485.6855
485.6856
485.6857
485.6858
485.6859
485.6860
485.6861
485.6862
485.6863
485.6864
485.6865
485.6866
485.6867
485.6868
485.6869
485.6870
485.6871
485.6872
485.6873
485.6874
485.6875
485.6876
485.6877
485.6878
485.6879
485.6880
485.6881
485.6882
485.6883
485.6884
485.6885
485.6886
485.6887
485.6888
485.6889
485.6890
485.6891
485.6892
485.6893
485.6894
485.6895
485.6896
485.6897
485.6898
485.6899
485.69
485.6900
485.6901
485.6902
485.6903
485.6904
485.6905
485.6906
485.6907
485.6908
485.6909
485.6910
485.6911
485.6912
485.6913
485.6914
485.6915
485.6916
485.6917
485.6918
485.6919
485.6920
485.6921
485.6922
485.6923
485.6924
485.6925
485.6926
485.6927
485.6928
485.6929
485.6930
485.6931
485.6932
485.6933
485.6934
485.6935
485.6936
485.6937
485.6938
485.6939
485.6940
485.6941
485.6942
485.6943
485.6944
485.6945
485.6946
485.6947
485.6948
485.6949
485.6950
485.6951
485.6952
485.6953
485.6954
485.6955
485.6956
485.6957
485.6958
485.6959
485.696
485.6960
485.6961
485.6962
485.6963
485.6964
485.6965
485.6966
485.6967
485.6968
485.6969
485.697
485.6970
485.6971
485.6972
485.6973
485.6974
485.6975
485.6976
485.6977
485.6978
485.6979
485.698
485.6980
485.6981
485.6982
485.6983
485.6984
485.6985
485.6986
485.6987
485.6988
485.6989
485.699
485.6990
485.6991
485.6992
485.6993
485.6994
485.6995
485.6996
485.6997
485.6998
485.6999
485.70
485.700
485.7000
485.7001
485.7002
485.7003
485.7004
485.7005
485.7006
485.7007
485.7008
485.7009
485.701
485.7010
485.7011
485.7012
485.7013
485.7014
485.7015
485.7016
485.7017
485.7018
485.7019
485.702
485.7020
485.7021
485.7022
485.7023
485.7024
485.7025
485.7026
485.7027
485.7028
485.7029
485.703
485.7030
485.7031
485.7032
485.7033
485.7034
485.7035
485.7036
485.7037
485.7038
485.7039
485.704
485.7040
485.7041
485.7042
485.7043
485.7044
485.7045
485.7046
485.7047
485.7048
485.7049
485.705
485.7050
485.7051
485.7052
485.7053
485.7054
485.7055
485.7056
485.7057
485.7058
485.7059
485.706
485.7060
485.7061
485.7062
485.7063
485.7064
485.7065
485.7066
485.7067
485.7068
485.7069
485.707
485.7070
485.7071
485.7072
485.7073
485.7074
485.7075
485.7076
485.7077
485.7078
485.7079
485.708
485.7080
485.7081
485.7082
485.7083
485.7084
485.7085
485.7086
485.7087
485.7088
485.7089
485.709
485.7090
485.7091
485.7092
485.7093
485.7094
485.7095
485.7096
485.7097
485.7098
485.7099
485.71
485.710
485.7100
485.7101
485.7102
485.7103
485.7104
485.7105
485.7106
485.7107
485.7108
485.7109
485.711
485.7110
485.7111
485.7112
485.7113
485.7114
485.7115
485.7116
485.7117
485.7118
485.7119
485.712
485.7120
485.7121
485.7122
485.7123
485.7124
485.7125
485.7126
485.7127
485.7128
485.7129
485.713
485.7130
485.7131
485.7132
485.7133
485.7134
485.7135
485.7136
485.7137
485.7139
485.714
485.7140
485.715
485.716
485.717
485.718
485.719
485.72
485.720
485.721
485.722
485.723
485.724
485.725
485.726
485.727
485.728
485.729
485.73
485.730
485.731
485.732
485.733
485.734
485.735
485.736
485.737
485.738
485.739
485.74
485.740
485.741
485.742
485.743
485.744
485.745
485.746
485.747
485.748
485.749
485.75
485.750
485.751
485.752
485.753
485.754
485.755
485.756
485.757
485.758
485.759
485.76
485.760
485.761
485.762
485.763
485.7630
485.764
485.765
485.766
485.767
485.768
485.769
485.7692
485.77
485.770
485.7702
485.771
485.772
485.773
485.7732
485.7737
485.774
485.775
485.776
485.777
485.778
485.779
485.78
485.780
485.781
485.782
485.783
485.784
485.785
485.7857
485.786
485.787
485.788
485.7880
485.789
485.79
485.790
485.7902
485.791
485.7914
485.792
485.793
485.794
485.795
485.796
485.797
485.798
485.799
485.80
485.800
485.801
485.802
485.803
485.804
485.805
485.806
485.8067
485.8068
485.8069
485.807
485.8070
485.8071
485.8072
485.8073
485.8074
485.8075
485.8076
485.8077
485.8078
485.8079
485.808
485.8080
485.8081
485.8082
485.8083
485.8085
485.8086
485.8087
485.8088
485.8089
485.809
485.8090
485.8091
485.8092
485.8093
485.8094
485.8095
485.8096
485.8097
485.8098
485.8099
485.81
485.810
485.8100
485.8101
485.811
485.812
485.813
485.814
485.815
485.816
485.817
485.818
485.819
485.82
485.820
485.821
485.822
485.823
485.824
485.8245
485.8246
485.8247
485.8248
485.8249
485.825
485.8250
485.8251
485.8252
485.8253
485.8254
485.8255
485.8256
485.8257
485.8258
485.8259
485.826
485.8260
485.8261
485.8262
485.8263
485.8264
485.8265
485.8266
485.8267
485.8268
485.8269
485.827
485.8270
485.8271
485.8272
485.8273
485.8274
485.8275
485.8276
485.8277
485.8278
485.8279
485.828
485.8280
485.8281
485.8282
485.8283
485.8284
485.8285
485.8286
485.8287
485.8288
485.8289
485.829
485.8290
485.8291
485.8292
485.8293
485.8294
485.8295
485.8296
485.8297
485.8298
485.8299
485.83
485.830
485.8300
485.8301
485.8302
485.8303
485.8304
485.8305
485.8306
485.8307
485.8308
485.8309
485.831
485.8310
485.8311
485.8312
485.8313
485.8314
485.8315
485.8316
485.8317
485.8318
485.8319
485.832
485.8320
485.8321
485.8322
485.8323
485.8324
485.8325
485.8326
485.8327
485.8328
485.8329
485.833
485.8330
485.8331
485.8332
485.8333
485.8334
485.8335
485.8336
485.8337
485.8338
485.8339
485.834
485.8340
485.8341
485.8342
485.8343
485.8344
485.8345
485.8346
485.8347
485.8348
485.8349
485.835
485.8350
485.8351
485.8352
485.8353
485.8354
485.8355
485.8356
485.8357
485.8358
485.8359
485.836
485.8360
485.8361
485.8362
485.8363
485.8364
485.8365
485.8366
485.8367
485.8368
485.8369
485.837
485.8370
485.8371
485.8372
485.8373
485.8374
485.8375
485.8376
485.8377
485.8378
485.8379
485.838
485.8380
485.8381
485.8382
485.8383
485.8384
485.8385
485.8386
485.8387
485.8388
485.8389
485.839
485.8390
485.8391
485.8392
485.8393
485.8394
485.8395
485.8396
485.8397
485.8398
485.8399
485.84
485.840
485.8400
485.8401
485.8402
485.8403
485.8404
485.8405
485.8406
485.8407
485.8408
485.8409
485.841
485.8410
485.8411
485.8412
485.8413
485.8414
485.8415
485.8416
485.8417
485.8418
485.8419
485.842
485.8420
485.8421
485.8422
485.8423
485.8424
485.8425
485.8426
485.8427
485.8428
485.8429
485.843
485.8430
485.8431
485.8432
485.8433
485.8434
485.8435
485.8436
485.8437
485.8438
485.8439
485.844
485.8440
485.8441
485.8442
485.8443
485.8444
485.8445
485.8446
485.8447
485.8448
485.8449
485.845
485.8450
485.8451
485.8452
485.8453
485.8454
485.8455
485.8456
485.8457
485.8458
485.8459
485.846
485.8460
485.8461
485.8462
485.8463
485.8464
485.8465
485.8466
485.8467
485.8468
485.8469
485.847
485.8470
485.8471
485.8472
485.8473
485.8474
485.8475
485.8476
485.8477
485.8478
485.8479
485.848
485.8480
485.8481
485.8482
485.8483
485.8484
485.8485
485.8486
485.8487
485.8488
485.8489
485.849
485.8491
485.8492
485.8493
485.8494
485.8495
485.8496
485.8497
485.8498
485.8499
485.85
485.850
485.8500
485.8501
485.8502
485.8503
485.8504
485.8505
485.8506
485.851
485.8511
485.8512
485.8513
485.8514
485.8515
485.8516
485.8519
485.852
485.8520
485.8521
485.8523
485.8525
485.8526
485.8527
485.8528
485.8529
485.853
485.8530
485.8531
485.8532
485.8533
485.8534
485.8535
485.8536
485.8537
485.8538
485.8539
485.854
485.8540
485.8541
485.8542
485.8543
485.8544
485.8545
485.8546
485.8547
485.8548
485.8549
485.855
485.8550
485.8551
485.8552
485.8553
485.8554
485.8555
485.8556
485.8557
485.8558
485.856
485.8560
485.8563
485.8564
485.8565
485.8566
485.8567
485.8568
485.8569
485.857
485.8570
485.8571
485.8572
485.8574
485.8575
485.8576
485.8578
485.8579
485.858
485.8580
485.8581
485.8582
485.8583
485.8584
485.8585
485.8586
485.8587
485.8588
485.8589
485.859
485.8590
485.8591
485.8592
485.8593
485.8594
485.8595
485.8596
485.8597
485.8598
485.8599
485.86
485.860
485.8601
485.8602
485.8603
485.8604
485.8605
485.8606
485.8607
485.8608
485.8609
485.861
485.8610
485.8611
485.8612
485.8613
485.8614
485.8615
485.8616
485.8617
485.8618
485.8619
485.862
485.8620
485.8621
485.8622
485.8623
485.8624
485.8625
485.8626
485.8627
485.8628
485.8629
485.863
485.8630
485.8631
485.8632
485.8633
485.8634
485.8635
485.8636
485.8637
485.8638
485.8639
485.864
485.8640
485.8641
485.8642
485.8643
485.8644
485.8645
485.8646
485.8647
485.8648
485.8649
485.865
485.8650
485.8651
485.8652
485.8653
485.8654
485.8656
485.8657
485.8658
485.8659
485.866
485.8660
485.8661
485.8662
485.8663
485.8664
485.8665
485.8666
485.8667
485.8668
485.8669
485.867
485.8670
485.8671
485.8672
485.8673
485.8674
485.8675
485.8676
485.8677
485.8678
485.8679
485.868
485.8680
485.8681
485.8682
485.8683
485.8684
485.8685
485.8686
485.8687
485.8688
485.8689
485.869
485.8690
485.8691
485.8692
485.8693
485.8694
485.8695
485.8696
485.8697
485.8698
485.8699
485.87
485.870
485.8700
485.8701
485.8702
485.8703
485.8704
485.8705
485.8706
485.8707
485.8708
485.8709
485.871
485.8710
485.8711
485.8712
485.8713
485.8714
485.8715
485.8716
485.8717
485.8718
485.8719
485.8720
485.8721
485.8722
485.8723
485.8724
485.8725
485.8726
485.8727
485.8728
485.8729
485.873
485.8730
485.8731
485.8732
485.8733
485.8734
485.8735
485.8736
485.8737
485.8738
485.8739
485.874
485.8740
485.8741
485.8742
485.8743
485.8744
485.8745
485.8746
485.8747
485.8748
485.8749
485.8750
485.8751
485.8752
485.8753
485.8754
485.8755
485.8756
485.8757
485.8758
485.8759
485.8760
485.8761
485.8762
485.8763
485.8764
485.8765
485.8766
485.8767
485.8768
485.8769
485.8770
485.8771
485.8772
485.8773
485.8774
485.8775
485.8776
485.8777
485.8778
485.8779
485.8780
485.8781
485.8782
485.8783
485.8784
485.8785
485.8786
485.8787
485.8788
485.8789
485.8790
485.8791
485.8792
485.8793
485.8794
485.8795
485.8796
485.8797
485.8798
485.8799
485.88
485.8800
485.8801
485.8802
485.8803
485.8804
485.8805
485.8806
485.8807
485.8808
485.8809
485.8810
485.8811
485.8812
485.8813
485.8814
485.8815
485.8816
485.8817
485.8818
485.8819
485.8820
485.8821
485.8822
485.8823
485.8824
485.8825
485.8826
485.8827
485.8828
485.8829
485.8830
485.8831
485.8832
485.8833
485.8834
485.8835
485.8836
485.8837
485.8838
485.8839
485.8840
485.8841
485.8842
485.8843
485.8844
485.8845
485.8846
485.8847
485.8848
485.8849
485.8850
485.8851
485.8852
485.8853
485.8854
485.8856
485.8857
485.8858
485.8859
485.8860
485.8861
485.8862
485.8863
485.8864
485.8865
485.8866
485.8867
485.8868
485.8869
485.8870
485.8871
485.8872
485.8873
485.8874
485.8875
485.8876
485.8877
485.8878
485.8879
485.8881
485.8882
485.8883
485.8884
485.8885
485.8886
485.8887
485.8889
485.8890
485.8891
485.8892
485.8893
485.8894
485.8895
485.8896
485.8897
485.8898
485.8899
485.89
485.8900
485.8901
485.8902
485.8903
485.8904
485.8905
485.8906
485.8907
485.8908
485.8909
485.8910
485.8911
485.8912
485.8913
485.8914
485.8915
485.8916
485.8917
485.8918
485.8919
485.8920
485.8921
485.8922
485.8923
485.8924
485.8925
485.8926
485.8927
485.8928
485.8929
485.8930
485.8931
485.8932
485.8933
485.8934
485.8935
485.8936
485.8937
485.8938
485.8939
485.8940
485.8941
485.8942
485.8943
485.8944
485.8945
485.8946
485.8947
485.8948
485.8949
485.8950
485.8951
485.8952
485.8953
485.8954
485.8955
485.8956
485.8957
485.8958
485.8959
485.8960
485.8961
485.8962
485.8963
485.8964
485.8965
485.8966
485.8967
485.8968
485.8969
485.8970
485.8971
485.8972
485.8973
485.8974
485.8975
485.8976
485.8977
485.8978
485.8979
485.8980
485.8981
485.8982
485.8983
485.8984
485.8985
485.8986
485.8987
485.8988
485.8989
485.8990
485.8991
485.8992
485.8993
485.8994
485.8995
485.8996
485.8997
485.8998
485.8999
485.90
485.9000
485.9001
485.9002
485.9003
485.9004
485.9005
485.9006
485.9007
485.9008
485.9009
485.9010
485.9011
485.9012
485.9013
485.9014
485.9015
485.9016
485.9017
485.9018
485.9019
485.9020
485.9021
485.9022
485.9023
485.9024
485.9025
485.9026
485.9027
485.9028
485.9029
485.9030
485.9031
485.9032
485.9033
485.9034
485.9035
485.9036
485.9037
485.9038
485.9039
485.9040
485.9041
485.9042
485.9043
485.9044
485.9045
485.9046
485.9047
485.9048
485.9049
485.9050
485.9051
485.9052
485.9053
485.9054
485.9055
485.9056
485.9057
485.9058
485.9059
485.9060
485.9061
485.9062
485.9063
485.9064
485.9065
485.9066
485.9067
485.9068
485.9069
485.9070
485.9071
485.9072
485.9073
485.9074
485.9075
485.9076
485.9077
485.9078
485.9079
485.9080
485.9081
485.9082
485.9083
485.9084
485.9085
485.9086
485.9087
485.9088
485.9089
485.9090
485.9091
485.9092
485.9093
485.9094
485.9095
485.9096
485.9097
485.9098
485.9099
485.91
485.9100
485.9101
485.9102
485.9103
485.9104
485.9105
485.9106
485.9107
485.9108
485.9109
485.9110
485.9111
485.9112
485.9113
485.9114
485.9115
485.9116
485.9117
485.9118
485.9119
485.9120
485.9121
485.9122
485.9123
485.9124
485.9125
485.9126
485.9127
485.9128
485.9129
485.9130
485.9131
485.9132
485.9133
485.9134
485.9135
485.9137
485.9138
485.9139
485.9140
485.9141
485.9142
485.9143
485.9144
485.9145
485.9146
485.9147
485.9148
485.9149
485.9150
485.9151
485.9152
485.9153
485.9154
485.9155
485.9156
485.9157
485.9158
485.9159
485.9160
485.9161
485.9162
485.9163
485.9164
485.9165
485.9166
485.9167
485.9168
485.9170
485.9171
485.9173
485.9174
485.9175
485.9176
485.9177
485.9178
485.9179
485.9180
485.9181
485.9182
485.9183
485.9184
485.9185
485.9186
485.9187
485.9188
485.9189
485.9190
485.9191
485.9192
485.9193
485.9194
485.9195
485.9196
485.9197
485.9198
485.9199
485.92
485.9200
485.9201
485.9202
485.9203
485.9204
485.9205
485.9206
485.9207
485.9208
485.9209
485.9210
485.9211
485.9212
485.9213
485.9214
485.9215
485.9216
485.9217
485.9218
485.9219
485.9220
485.9221
485.9222
485.9223
485.9224
485.9225
485.9226
485.9227
485.9228
485.9229
485.9230
485.9231
485.9232
485.9233
485.9234
485.9235
485.9236
485.9237
485.9238
485.9239
485.9240
485.9241
485.9242
485.9243
485.9244
485.9245
485.9246
485.9247
485.9248
485.9249
485.9250
485.9251
485.9252
485.9253
485.9254
485.9255
485.9256
485.9257
485.9258
485.9259
485.9260
485.9261
485.9262
485.9263
485.9264
485.9265
485.9266
485.9267
485.9268
485.9269
485.9270
485.9271
485.9272
485.9273
485.9274
485.9275
485.9276
485.9277
485.9278
485.9279
485.9280
485.9281
485.9282
485.9283
485.9284
485.9285
485.9286
485.9287
485.9288
485.9289
485.9290
485.9291
485.9292
485.9293
485.9294
485.9295
485.9296
485.9297
485.9298
485.9299
485.93
485.9300
485.9301
485.9302
485.9303
485.9304
485.9305
485.9306
485.9307
485.9308
485.9309
485.9310
485.9311
485.9313
485.9314
485.9315
485.9316
485.9317
485.9318
485.9319
485.9320
485.9321
485.9322
485.9323
485.9324
485.9325
485.9327
485.9328
485.9329
485.9330
485.9331
485.9332
485.9333
485.9334
485.9335
485.9336
485.9337
485.9338
485.9339
485.9340
485.9341
485.9342
485.9343
485.9344
485.9345
485.9346
485.9347
485.9348
485.9349
485.9350
485.9351
485.9352
485.9353
485.9354
485.9356
485.9357
485.9358
485.9359
485.9360
485.9361
485.9362
485.9363
485.9364
485.9365
485.9366
485.9367
485.9368
485.9369
485.9370
485.9371
485.9372
485.9373
485.9374
485.9375
485.9376
485.9377
485.9378
485.9379
485.9380
485.9381
485.9382
485.9383
485.9384
485.9385
485.9386
485.9387
485.9388
485.9389
485.9390
485.9391
485.9392
485.9393
485.9394
485.9395
485.9396
485.9397
485.9398
485.9399
485.94
485.9400
485.9401
485.9402
485.9403
485.9404
485.9405
485.9406
485.9407
485.9408
485.9409
485.9410
485.9411
485.9412
485.9413
485.9414
485.9415
485.9416
485.9417
485.9418
485.9419
485.9420
485.9421
485.9422
485.9423
485.9424
485.9425
485.9426
485.9427
485.9428
485.9429
485.9430
485.9431
485.9432
485.9433
485.9434
485.9436
485.9437
485.9438
485.9439
485.9441
485.9442
485.9443
485.9444
485.9445
485.9446
485.9447
485.9448
485.9450
485.9451
485.9452
485.9454
485.9455
485.9456
485.9457
485.9458
485.9459
485.9460
485.9462
485.9463
485.9464
485.9465
485.9466
485.9467
485.9468
485.9469
485.9470
485.9471
485.9472
485.9473
485.9474
485.9475
485.9476
485.9477
485.9478
485.9479
485.9480
485.9481
485.9482
485.9483
485.9484
485.9485
485.9486
485.9487
485.9488
485.9489
485.9490
485.9491
485.9492
485.9493
485.9494
485.9495
485.9496
485.9497
485.9498
485.9499
485.95
485.9500
485.9501
485.9502
485.9503
485.9504
485.9505
485.9506
485.9507
485.9508
485.9509
485.9510
485.9511
485.9512
485.9513
485.9514
485.9515
485.9516
485.9517
485.9518
485.9519
485.9520
485.9521
485.9522
485.9523
485.9524
485.9525
485.9526
485.9527
485.9528
485.9529
485.9530
485.9531
485.9532
485.9533
485.9534
485.9535
485.9536
485.9537
485.9538
485.9539
485.9540
485.9541
485.9542
485.9543
485.9544
485.9545
485.9546
485.9547
485.9548
485.9549
485.9550
485.9551
485.9552
485.9553
485.9554
485.9555
485.9556
485.9557
485.9558
485.9559
485.9560
485.9561
485.9562
485.9563
485.9564
485.9565
485.9566
485.9567
485.9568
485.9569
485.9570
485.9571
485.9572
485.9573
485.9574
485.9575
485.9576
485.9577
485.9578
485.9579
485.9580
485.9581
485.9582
485.9583
485.9584
485.9585
485.9586
485.9587
485.9588
485.9589
485.9590
485.9591
485.9592
485.9593
485.9594
485.9595
485.9596
485.9597
485.9598
485.9599
485.96
485.9600
485.9601
485.9602
485.9603
485.9605
485.9606
485.9607
485.9608
485.9609
485.9610
485.9611
485.9612
485.9613
485.9614
485.9615
485.9616
485.9617
485.9618
485.9619
485.9620
485.9621
485.9622
485.9623
485.9624
485.9625
485.9626
485.9627
485.9628
485.9629
485.9632
485.9633
485.9635
485.9636
485.9637
485.9638
485.9640
485.9641
485.9642
485.9645
485.9646
485.9647
485.9648
485.9649
485.9650
485.9651
485.9652
485.9653
485.9654
485.9655
485.9656
485.9657
485.9658
485.9659
485.9660
485.9661
485.9662
485.9663
485.9664
485.9665
485.9666
485.9667
485.9668
485.9669
485.9670
485.9671
485.9672
485.9673
485.9674
485.9675
485.9676
485.9677
485.9678
485.9679
485.9680
485.9681
485.9682
485.9683
485.9684
485.9685
485.9686
485.9687
485.9688
485.9689
485.9690
485.9691
485.9692
485.9693
485.9694
485.9695
485.9696
485.9697
485.9698
485.9699
485.97
485.9700
485.9701
485.9702
485.9703
485.9704
485.9705
485.9706
485.9707
485.9708
485.9709
485.9710
485.9711
485.9712
485.9713
485.9714
485.9715
485.9716
485.9717
485.9718
485.9719
485.9720
485.9721
485.9722
485.9723
485.9724
485.9725
485.9726
485.9727
485.9728
485.9729
485.9730
485.9731
485.9732
485.9733
485.9734
485.9735
485.9736
485.9737
485.9738
485.9739
485.9740
485.9741
485.9742
485.9743
485.9744
485.9745
485.9746
485.9747
485.9748
485.9749
485.9750
485.9751
485.9752
485.9753
485.9754
485.9755
485.9756
485.9757
485.9758
485.9759
485.9760
485.9761
485.9762
485.9763
485.9764
485.9765
485.9766
485.9767
485.9768
485.9769
485.9770
485.9771
485.9772
485.9773
485.9774
485.9775
485.9776
485.9777
485.9778
485.9779
485.9780
485.9781
485.9782
485.9783
485.9784
485.9785
485.9786
485.9787
485.9788
485.9789
485.9792
485.9793
485.9795
485.9796
485.9797
485.9799
485.98
485.9800
485.9801
485.99