1313.10001
1313.10002
1313.10003
1313.10004
1313.10005
1313.10007
1313.10008
1313.10009
1313.10010
1313.10011
1313.10012
1313.10013
1313.10014
1313.10015
1313.10016
1313.10017
1313.10018
1313.10019
1313.10020
1313.10021
1313.10022
1313.10023
1313.10024
1313.10025
1313.10026
1313.10027
1313.10028
1313.10029
1313.10030
1313.10031
1313.10032
1313.10033
1313.10034
1313.10035
1313.10036
1313.10037
1313.10038
1313.10039
1313.10040
1313.10041
1313.10042
1313.10043
1313.10044
1313.10045
1313.10046
1313.10048
1313.10049
1313.10050
1313.10051
1313.10052
1313.10053
1313.10054
1313.10055
1313.10056
1313.10057
1313.10058
1313.10059
1313.10060
1313.10061
1313.10062
1313.10063
1313.10064
1313.10065
1313.10066
1313.10067
1313.10068
1313.10069
1313.10070
1313.10071
1313.10072
1313.10073
1313.10074
1313.10075
1313.10076
1313.10078
1313.10079
1313.10080
1313.10081
1313.10082
1313.10083
1313.10084
1313.10085
1313.10086
1313.10087
1313.10088
1313.10089
1313.10090
1313.10091
1313.10092
1313.10093
1313.10094
1313.10095
1313.10096
1313.10097
1313.10098
1313.10099
1313.10100
1313.10101
1313.10102
1313.10103
1313.10104
1313.10105
1313.10106
1313.10107
1313.10108
1313.10109
1313.10110
1313.10111
1313.10112
1313.10113
1313.10114
1313.10115
1313.10116
1313.10117
1313.10118
1313.10119
1313.10120
1313.10121
1313.10122
1313.10123
1313.10124
1313.10125
1313.10126
1313.10127
1313.10129
1313.10130
1313.10131
1313.10132
1313.10133
1313.10134
1313.10135
1313.10136
1313.10137
1313.10138
1313.10139
1313.10140
1313.10141
1313.10142
1313.10143
1313.10144
1313.10145
1313.10146
1313.10147
1313.10148
1313.10149
1313.10150
1313.10151
1313.10152
1313.10153
1313.10154
1313.10155
1313.10156
1313.10157
1313.10158
1313.10159
1313.10160
1313.10161
1313.10162
1313.10163
1313.10164
1313.10166
1313.10167
1313.10168
1313.10169
1313.10170
1313.10171
1313.10172
1313.10173
1313.10174
1313.10175
1313.10176
1313.10177
1313.10178
1313.10179
1313.10180
1313.10181
1313.10182
1313.10183
1313.10184
1313.10185
1313.10186
1313.10187
1313.10188
1313.10189
1313.10190
1313.10191
1313.10192
1313.10193
1313.10194
1313.10195
1313.10196
1313.10197
1313.10198
1313.10199
1313.10200
1313.10201
1313.10202
1313.10203
1313.10204
1313.10205
1313.10206
1313.10207
1313.10208
1313.10209
1313.10210
1313.10211
1313.10212
1313.10213
1313.10216
1313.10217
1313.10218
1313.10219
1313.10220
1313.10221
1313.10222
1313.10223
1313.10224
1313.10225
1313.10226
1313.10227
1313.10228
1313.10229
1313.10230
1313.10231
1313.10232
1313.10233
1313.10234
1313.10235
1313.10236
1313.10237
1313.10238
1313.10239
1313.10240
1313.10242
1313.10243
1313.10244
1313.10245
1313.10246
1313.10247
1313.10248
1313.10249
1313.10250
1313.10251
1313.10252
1313.10253
1313.10254
1313.10255
1313.10256
1313.10257
1313.10258
1313.10259
1313.10260
1313.10261
1313.10262
1313.10263
1313.10264
1313.10265
1313.10266
1313.10267
1313.10268
1313.10269
1313.10270
1313.10271
1313.10272
1313.10273
1313.10274
1313.10275
1313.10276
1313.10277
1313.10279
1313.10280
1313.10281
1313.10282
1313.10283
1313.10284
1313.10285
1313.10286
1313.10287
1313.10288
1313.10289
1313.10290
1313.10291
1313.10292
1313.10293
1313.10294
1313.10295
1313.10296
1313.10297
1313.10298
1313.10299
1313.10300
1313.10301
1313.10303
1313.10305
1313.10306
1313.10307
1313.10308
1313.10310
1313.10311
1313.10312
1313.10313
1313.10314
1313.10315
1313.10316
1313.10318
1313.10319
1313.10320
1313.10321
1313.10322
1313.10323
1313.10324
1313.10325
1313.10326
1313.10327
1313.10329
1313.10330
1313.10331
1313.10332
1313.10333
1313.10334
1313.10335
1313.10336
1313.10337
1313.10338
1313.10339
1313.10340
1313.10341
1313.10342
1313.10343
1313.10344
1313.10345
1313.10346
1313.10347
1313.10348
1313.10349
1313.10350
1313.10351
1313.10352
1313.10353
1313.10354
1313.10355
1313.10356
1313.10357
1313.10358
1313.10359
1313.10360
1313.10362
1313.10363
1313.10364
1313.10365
1313.10366
1313.10367
1313.10368
1313.10369
1313.10370
1313.10371
1313.10372
1313.10373
1313.10374
1313.10375
1313.10376
1313.10377
1313.10378
1313.10379
1313.10380
1313.10381
1313.10383
1313.10384
1313.10385
1313.10386
1313.10387
1313.10388
1313.10389
1313.10390
1313.10391
1313.10392
1313.10393
1313.10394
1313.10395
1313.10396
1313.10397
1313.10398
1313.10399
1313.10400
1313.10401
1313.10402
1313.10403
1313.10405
1313.10406
1313.10408
1313.10409
1313.10410
1313.10411
1313.10412
1313.10413
1313.10414
1313.10415
1313.10416
1313.10417
1313.10419
1313.10420
1313.10421
1313.10422
1313.10423
1313.10424
1313.10425
1313.10426
1313.10427
1313.10428
1313.10429
1313.10430
1313.10431
1313.10432
1313.10433
1313.10434
1313.10435
1313.10436
1313.10437
1313.10438
1313.10439
1313.10440
1313.10441
1313.10443
1313.10444
1313.10445
1313.10446
1313.10447
1313.10448
1313.10449
1313.10450
1313.10451
1313.10452
1313.10454
1313.10455
1313.10456
1313.10457
1313.10458
1313.10459
1313.10460
1313.10461
1313.10462
1313.10463
1313.10464
1313.10465
1313.10466
1313.10467
1313.10468
1313.10469
1313.10470
1313.10471
1313.10472
1313.10473
1313.10474
1313.10475
1313.10476
1313.10477
1313.10478
1313.10479
1313.10480
1313.10481
1313.10482
1313.10484
1313.10485
1313.10486
1313.10487
1313.10488
1313.10489
1313.10491
1313.10492
1313.10493
1313.10494
1313.10495
1313.10496
1313.10497
1313.10498
1313.10499
1313.10500
1313.10501
1313.10502
1313.10503
1313.10504
1313.10505
1313.10506
1313.10507
1313.10508
1313.10509
1313.10510
1313.10511
1313.10512
1313.10513
1313.10514
1313.10515
1313.10516
1313.10517
1313.10518
1313.10519
1313.10520
1313.10521
1313.10522
1313.10523
1313.10524
1313.10525
1313.10526
1313.10527
1313.10528
1313.10529
1313.10530
1313.10531
1313.10532
1313.10533
1313.10534
1313.10535
1313.10536
1313.10537
1313.10538
1313.10539
1313.10540
1313.10541
1313.10542
1313.10543
1313.10544
1313.10546
1313.10547
1313.10548
1313.10549
1313.10550
1313.10551
1313.10552
1313.10553
1313.10554
1313.10555
1313.10556
1313.10557
1313.10558
1313.10559
1313.10560
1313.10561
1313.10562
1313.10563
1313.10564
1313.10565
1313.10566
1313.10567
1313.10568
1313.10569
1313.10570
1313.10571
1313.10572
1313.10573
1313.10574
1313.10575
1313.10576
1313.10577
1313.10578
1313.10579
1313.10580
1313.10581
1313.10582
1313.10583
1313.10584
1313.10586
1313.10587
1313.10588
1313.10589
1313.10590
1313.10591
1313.10592
1313.10593
1313.10594
1313.10595
1313.10596
1313.10597
1313.10598
1313.10599
1313.10600
1313.10601
1313.10602
1313.10603
1313.10604
1313.10605
1313.10606
1313.10607
1313.10608
1313.10609
1313.10610
1313.10611
1313.10612
1313.10613
1313.10614
1313.10615
1313.10617
1313.10618
1313.10619
1313.10620
1313.10621
1313.10622
1313.10623
1313.10624
1313.10625
1313.10626
1313.10627
1313.10628
1313.10629
1313.10630
1313.10631
1313.10632
1313.10633
1313.10634
1313.10635
1313.10636
1313.10637
1313.10638
1313.10640
1313.10641
1313.10642
1313.10643
1313.10644
1313.10646
1313.10647
1313.10648
1313.10650
1313.10651
1313.10653
1313.10654
1313.10655
1313.10656
1313.10657
1313.10658
1313.10659
1313.10660
1313.10661
1313.10662
1313.10663
1313.10664
1313.10665
1313.10666
1313.10667
1313.10668
1313.10669
1313.10670
1313.10671
1313.10672
1313.10673
1313.10674
1313.10675
1313.10676
1313.10677
1313.10678
1313.10679
1313.10680
1313.10681
1313.10682
1313.10683
1313.10684
1313.10685
1313.10686
1313.10687
1313.10688
1313.10689
1313.10692
1313.10693
1313.10694
1313.10695
1313.10696
1313.10697
1313.10698
1313.10699
1313.10700
1313.10701
1313.10702
1313.10703
1313.10704
1313.10705
1313.10706
1313.10707
1313.10708
1313.10709
1313.10710
1313.10711
1313.10712
1313.10713
1313.10714
1313.10715
1313.10716
1313.10717
1313.10718
1313.10719
1313.10720
1313.10721
1313.10722
1313.10723
1313.10724
1313.10726
1313.10727
1313.10728
1313.10729
1313.10730
1313.10731
1313.10732
1313.10733
1313.10734
1313.10735
1313.10736
1313.10737
1313.10738
1313.10739
1313.10740
1313.10741
1313.10742
1313.10743
1313.10744
1313.10745
1313.10747
1313.10748
1313.10749
1313.10750
1313.10751
1313.10752
1313.10754
1313.10755
1313.10756
1313.10757
1313.10758
1313.10759
1313.10760
1313.10761
1313.10762
1313.10763
1313.10764
1313.10765
1313.10766
1313.10767
1313.10768
1313.10770
1313.10771
1313.10772
1313.10773
1313.10774
1313.10775
1313.10776
1313.10778
1313.10779
1313.10780
1313.10781
1313.10783
1313.10784
1313.10785
1313.10786
1313.10787
1313.10788
1313.10789
1313.10790
1313.10792
1313.10793
1313.10794
1313.10795
1313.10796
1313.10797
1313.10798
1313.10799
1313.10800
1313.10801
1313.10802
1313.10803
1313.10804
1313.10805
1313.10806
1313.10807
1313.10808
1313.10809
1313.10810
1313.10811
1313.10812
1313.10813
1313.10814
1313.10815
1313.10816
1313.10817
1313.10818
1313.10819
1313.10820
1313.10821
1313.10822
1313.10823
1313.10824
1313.10825
1313.10826
1313.10827
1313.10829
1313.10830
1313.10831
1313.10833
1313.10834
1313.10835
1313.10836
1313.10837
1313.10838
1313.10839
1313.10840
1313.10841
1313.10842
1313.10843
1313.10844
1313.10845
1313.10847
1313.10848
1313.10849
1313.10850
1313.10851
1313.10852
1313.10853
1313.10854
1313.10855
1313.10857
1313.10858
1313.10859
1313.10861
1313.10862
1313.10863
1313.10864
1313.10865
1313.10866
1313.10867
1313.10868
1313.10869
1313.10870
1313.10871
1313.10872
1313.10873
1313.10874
1313.10875
1313.10876
1313.10877
1313.10878
1313.10879
1313.10880
1313.10881
1313.10882
1313.10883
1313.10884
1313.10885
1313.10887
1313.10888
1313.10889
1313.10890
1313.10891
1313.10892
1313.10893
1313.10894
1313.10896
1313.10897
1313.10898
1313.10899
1313.10900
1313.10901
1313.10902
1313.10904
1313.10905
1313.10906
1313.10907
1313.10908
1313.10909
1313.10910
1313.10911
1313.10912
1313.10913
1313.10914
1313.10916
1313.10917
1313.10918
1313.10919
1313.10920
1313.10922
1313.10923
1313.10924
1313.10925
1313.10926
1313.10927
1313.10928
1313.10929
1313.10931
1313.10932
1313.10933
1313.10934
1313.10935
1313.10936
1313.10937
1313.10938
1313.10939
1313.10940
1313.10941
1313.10942
1313.10943
1313.10944
1313.10945
1313.10946
1313.10947
1313.10948
1313.10949
1313.10950
1313.10952
1313.10953
1313.10954
1313.10955
1313.10956
1313.10957
1313.10958
1313.10959
1313.10960
1313.10961
1313.10962
1313.10963
1313.10964
1313.10965
1313.10966
1313.10967
1313.10968
1313.10970
1313.10971
1313.10972
1313.10973
1313.10974
1313.10975
1313.10976
1313.10977
1313.10978
1313.10979
1313.10980
1313.10981
1313.10982
1313.10983
1313.10985
1313.10986
1313.10987
1313.10989
1313.10990
1313.10991
1313.10992
1313.10993
1313.10994
1313.10995
1313.10996
1313.10997
1313.10998
1313.10999
1313.11000
1313.11001
1313.11002
1313.11003
1313.11004
1313.11005
1313.11006
1313.11007
1313.11008
1313.11009
1313.11010
1313.11011
1313.11012
1313.11013
1313.11014
1313.11015
1313.11016
1313.11017
1313.11018
1313.11019
1313.11020
1313.11021
1313.11022
1313.11023
1313.11024
1313.11025
1313.11026
1313.11027
1313.11028
1313.11029
1313.11030
1313.11031
1313.11032
1313.11033
1313.11035
1313.11036
1313.11037
1313.11038
1313.11039
1313.11040
1313.11041
1313.11042
1313.11043
1313.11044
1313.11045
1313.11046
1313.11047
1313.11048
1313.11049
1313.11050
1313.11051
1313.11052
1313.11053
1313.11054
1313.11055
1313.11056
1313.11057
1313.11058
1313.11059
1313.11061
1313.11062
1313.11063
1313.11064
1313.11065
1313.11066
1313.11067
1313.11068
1313.11069
1313.11070
1313.11071
1313.11072
1313.11073
1313.11074
1313.11075
1313.11076
1313.11077
1313.11078
1313.11079
1313.11080
1313.11081
1313.11082
1313.11083
1313.11084
1313.11085
1313.11086
1313.11087
1313.11088
1313.11089
1313.11091
1313.11092
1313.11093
1313.11094
1313.11095
1313.11096
1313.11098
1313.11099
1313.11100
1313.11101
1313.11102
1313.11103
1313.11104
1313.11105
1313.11106
1313.11107
1313.11108
1313.11109
1313.11110
1313.11111
1313.11112
1313.11113
1313.11114
1313.11115
1313.11116
1313.11117
1313.11118
1313.11119
1313.11120
1313.11121
1313.11122
1313.11123
1313.11124
1313.11125
1313.11126
1313.11127
1313.11128
1313.11129
1313.11130
1313.11131
1313.11132
1313.11133
1313.11134
1313.11135
1313.11136
1313.11138
1313.11139
1313.11140
1313.11141
1313.11142
1313.11143
1313.11144
1313.11145
1313.11146
1313.11147
1313.11148
1313.11149
1313.11150
1313.11151
1313.11153
1313.11154
1313.11155
1313.11156
1313.11157
1313.11158
1313.11159
1313.11160
1313.11161
1313.11162
1313.11163
1313.11164
1313.11165
1313.11166
1313.11168
1313.11170
1313.11171
1313.11172
1313.11173
1313.11175
1313.11176
1313.11177
1313.11178
1313.11179
1313.11180
1313.11181
1313.11182
1313.11183
1313.11184
1313.11185
1313.11186
1313.11187
1313.11188
1313.11189
1313.11190
1313.11191
1313.11192
1313.11193
1313.11194
1313.11195
1313.11196
1313.11197
1313.11198
1313.11199
1313.11200
1313.11201
1313.11202
1313.11204
1313.11205
1313.11206
1313.11207
1313.11209
1313.11210
1313.11211
1313.11212
1313.11214
1313.11215
1313.11216
1313.11217
1313.11218
1313.11219
1313.11220
1313.11221
1313.11222
1313.11223
1313.11224
1313.11225
1313.11226
1313.11227
1313.11228
1313.11229
1313.11230
1313.11231
1313.11232
1313.11233
1313.11234
1313.11235
1313.11236
1313.11237
1313.11238
1313.11239
1313.11240
1313.11241
1313.11242
1313.11243
1313.11244
1313.11245
1313.11246
1313.11247
1313.11248
1313.11249
1313.11250
1313.11251
1313.11252
1313.11253
1313.11254
1313.11255
1313.11256
1313.11257
1313.11258
1313.11259
1313.11260
1313.11261
1313.11262
1313.11263
1313.11264
1313.11265
1313.11266
1313.11267
1313.11268
1313.11269
1313.11270
1313.11271
1313.11272
1313.11273
1313.11275
1313.11276
1313.11277
1313.11278
1313.11279
1313.11280
1313.11281
1313.11282
1313.11283
1313.11284
1313.11285
1313.11286
1313.11287
1313.11288
1313.11289
1313.11290
1313.11291
1313.11292
1313.11293
1313.11294
1313.11295
1313.11296
1313.11297
1313.11298
1313.11299
1313.11301
1313.11302
1313.11303
1313.11304
1313.11305
1313.11306
1313.11307
1313.11308
1313.11309
1313.11310
1313.11311
1313.11312
1313.11313
1313.11314
1313.11315
1313.11316
1313.11317
1313.11318
1313.11319
1313.11320
1313.11321
1313.11322
1313.11323
1313.11324
1313.11325
1313.11326
1313.11328
1313.11329
1313.11330
1313.11331
1313.11332
1313.11333
1313.11334
1313.11335
1313.11336
1313.11337
1313.11338
1313.11339
1313.11340
1313.11341
1313.11342
1313.11343
1313.11344
1313.11345
1313.11346
1313.11347
1313.11349
1313.11350
1313.11351
1313.11352
1313.11353
1313.11354
1313.11355
1313.11356
1313.11357
1313.11358
1313.11359
1313.11360
1313.11361
1313.11362
1313.11363
1313.11364
1313.11365
1313.11366
1313.11367
1313.11368
1313.11369
1313.11370
1313.11371
1313.11372
1313.11373
1313.11374
1313.11375
1313.11376
1313.11377
1313.11378
1313.11379
1313.11380
1313.11381
1313.11382
1313.11383
1313.11384
1313.11385
1313.11386
1313.11387
1313.11388
1313.11389
1313.11390
1313.11391
1313.11392
1313.11393
1313.11394
1313.11395
1313.11396
1313.11397
1313.11398
1313.11399
1313.11400
1313.11401
1313.11402
1313.11404
1313.11405
1313.11406
1313.11407
1313.11408
1313.11409
1313.11410
1313.11411
1313.11412
1313.11413
1313.11414
1313.11415
1313.11416
1313.11417
1313.11418
1313.11419
1313.11420
1313.11421
1313.11422
1313.11423
1313.11424
1313.11425
1313.11426
1313.11427
1313.11428
1313.11429
1313.11430
1313.11431
1313.11433
1313.11435
1313.11436
1313.11437
1313.11438
1313.11439
1313.11440
1313.11441
1313.11442
1313.11443
1313.11444
1313.11445
1313.11446
1313.11447
1313.11448
1313.11449
1313.11450
1313.11454
1313.11455
1313.11456
1313.11457
1313.11458
1313.11459
1313.11460
1313.11461
1313.11463
1313.11464
1313.11465
1313.11466
1313.11468
1313.11469
1313.11470
1313.11471
1313.11472
1313.11473
1313.11474
1313.11475
1313.11476
1313.11477
1313.11478
1313.11479
1313.11480
1313.11481
1313.11483
1313.11484
1313.11485
1313.11486
1313.11487
1313.11488
1313.11489
1313.11490
1313.11491
1313.11492
1313.11493
1313.11494
1313.11495
1313.11496
1313.11497
1313.11498
1313.11499
1313.11500
1313.11501
1313.11502
1313.11503
1313.11504
1313.11505
1313.11506
1313.11507
1313.11508
1313.11509
1313.11510
1313.11512
1313.11513
1313.11514
1313.11515
1313.11516
1313.11517
1313.11518
1313.11519
1313.11520
1313.11521
1313.11522
1313.11523
1313.11524
1313.11525
1313.11526
1313.11527
1313.11528
1313.11529
1313.11530
1313.11531
1313.11532
1313.11533
1313.11534
1313.11535
1313.11536
1313.11537
1313.11538
1313.11539
1313.11540
1313.11541
1313.11542
1313.11543
1313.11544
1313.11545
1313.11546
1313.11547
1313.11548
1313.11549
1313.11550
1313.11551
1313.11552
1313.11553
1313.11554
1313.11556
1313.11557
1313.11558
1313.11559
1313.11562
1313.11563
1313.11564
1313.11565
1313.11566
1313.11567
1313.11568
1313.11569
1313.11570
1313.11571
1313.11572
1313.11573
1313.11574
1313.11576
1313.11577
1313.11578
1313.11580
1313.11581
1313.11582
1313.11583
1313.11586
1313.11587
1313.11588
1313.11589
1313.11590
1313.11591
1313.11592
1313.11593
1313.11595
1313.11596
1313.11597
1313.11598
1313.11599
1313.11600
1313.11601
1313.11602
1313.11603
1313.11604
1313.11605
1313.11606
1313.11607
1313.11608
1313.11609
1313.11610
1313.11611
1313.11612
1313.11613
1313.11614
1313.11615
1313.11616
1313.11617
1313.11618
1313.11619
1313.11620
1313.11621
1313.11622
1313.11623
1313.11624
1313.11625
1313.11626
1313.11627
1313.11628
1313.11629
1313.11630
1313.11631
1313.11632
1313.11633
1313.11634
1313.11635
1313.11636
1313.11637
1313.11638
1313.11639
1313.11640
1313.11641
1313.11642
1313.11643
1313.11644
1313.11646
1313.11647
1313.11648
1313.11649
1313.11650
1313.11651
1313.11652
1313.11653
1313.11654
1313.11657
1313.11658
1313.11659
1313.11660
1313.11661
1313.11662
1313.11663
1313.11664
1313.11665
1313.11666
1313.11667
1313.11668
1313.11669
1313.11670
1313.11671
1313.11672
1313.11673
1313.11674
1313.11675
1313.11676
1313.11677
1313.11678
1313.11679
1313.11680
1313.11681
1313.11682
1313.11683
1313.11684
1313.11685
1313.11687
1313.11688
1313.11689
1313.11690
1313.11691
1313.11692
1313.11693
1313.11695
1313.11696
1313.11697
1313.11698
1313.11700
1313.11702
1313.11703
1313.11704
1313.11706
1313.11707
1313.11708
1313.11709
1313.11710
1313.11712
1313.11713
1313.11714
1313.11715
1313.11716
1313.11717
1313.11718
1313.11719
1313.11720
1313.11721
1313.11722
1313.11723
1313.11724
1313.11725
1313.11726
1313.11727
1313.11728
1313.11729
1313.11730
1313.11731
1313.11732
1313.11733
1313.11734
1313.11736
1313.11737
1313.11738
1313.11739
1313.11740
1313.11741
1313.11742
1313.11743
1313.11744
1313.11745
1313.11746
1313.11747
1313.11748
1313.11749
1313.11750
1313.11751
1313.11752
1313.11753
1313.11754
1313.11755
1313.11757
1313.11758
1313.11759
1313.11760
1313.11761
1313.11762
1313.11763
1313.11765
1313.11766
1313.11767
1313.11768
1313.11769
1313.11770
1313.11771
1313.11772
1313.11773
1313.11774
1313.11775
1313.11776
1313.11777
1313.11778
1313.11779
1313.11780
1313.11781
1313.11782
1313.11783
1313.11784
1313.11785
1313.11786
1313.11787
1313.11788
1313.11790
1313.11791
1313.11792
1313.11793
1313.11795
1313.11796
1313.11797
1313.11798
1313.11799
1313.11801
1313.11802
1313.11803
1313.11804
1313.11805
1313.11806
1313.11808
1313.11809
1313.11810
1313.11811
1313.11812
1313.11813
1313.11814
1313.11815
1313.11816
1313.11817
1313.11819
1313.11820
1313.11821
1313.11822
1313.11823
1313.11824
1313.11825
1313.11826
1313.11827
1313.11828
1313.11829
1313.11830
1313.11831
1313.11832
1313.11833
1313.11834
1313.11835
1313.11836
1313.11837
1313.11838
1313.11839
1313.11840
1313.11841
1313.11842
1313.11843
1313.11844
1313.11845
1313.11846
1313.11847
1313.11850
1313.11851
1313.11852
1313.11854
1313.11856
1313.11857
1313.11858
1313.11859
1313.11860
1313.11861
1313.11862
1313.11863
1313.11864
1313.11865
1313.11866
1313.11867
1313.11868
1313.11869
1313.11870
1313.11871
1313.11872
1313.11873
1313.11875
1313.11876
1313.11877
1313.11878
1313.11879
1313.11880
1313.11881
1313.11882
1313.11883
1313.11884
1313.11885
1313.11886
1313.11887
1313.11888
1313.11889
1313.11890
1313.11891
1313.11892
1313.11894
1313.11895
1313.11896
1313.11897
1313.11898
1313.11899
1313.11900
1313.11901
1313.11902
1313.11903
1313.11904
1313.11905
1313.11906
1313.11907
1313.11908
1313.11909
1313.11910
1313.11911
1313.11912
1313.11913
1313.11914
1313.11915
1313.11916
1313.11917
1313.11919
1313.11920
1313.11921
1313.11922
1313.11923
1313.11924
1313.11925
1313.11926
1313.11927
1313.11928
1313.11929
1313.11930
1313.11931
1313.11932
1313.11933
1313.11934
1313.11935
1313.11936
1313.11937
1313.11938
1313.11939
1313.11940
1313.11941
1313.11942
1313.11943
1313.11944
1313.11945
1313.11946
1313.11947
1313.11948
1313.11949
1313.11950
1313.11951
1313.11952
1313.11953
1313.11954
1313.11955
1313.11956
1313.11957
1313.11958
1313.11959
1313.11960
1313.11961
1313.11962
1313.11963
1313.11964
1313.11965
1313.11966
1313.11967
1313.11968
1313.11969
1313.11970
1313.11971
1313.11972
1313.11973
1313.11974
1313.11975
1313.11976
1313.11977
1313.11978
1313.11980
1313.11981
1313.11982
1313.11983
1313.11984
1313.11985
1313.11986
1313.11987
1313.11988
1313.11989
1313.11990
1313.11991
1313.11992
1313.11993
1313.11994
1313.11995
1313.11996
1313.11997
1313.11998
1313.11999
1313.12000
1313.12001
1313.12002
1313.12003
1313.12004
1313.12005
1313.12006
1313.12007
1313.12008
1313.12010
1313.12011
1313.12012
1313.12013
1313.12014
1313.12015
1313.12016
1313.12017
1313.12019
1313.12020
1313.12021
1313.12022
1313.12023
1313.12024
1313.12025
1313.12026
1313.12027
1313.12028
1313.12029
1313.12030
1313.12031
1313.12032
1313.12033
1313.12034
1313.12035
1313.12036
1313.12037
1313.12038
1313.12039
1313.12040
1313.12041
1313.12042
1313.12043
1313.12044
1313.12045
1313.12046
1313.12047
1313.12048
1313.12049
1313.12050
1313.12051
1313.12052
1313.12053
1313.12054
1313.12056
1313.12057
1313.12058
1313.12059
1313.12060
1313.12061
1313.12062
1313.12063
1313.12064
1313.12065
1313.12066
1313.12067
1313.12068
1313.12069
1313.12070
1313.12071
1313.12072
1313.12073
1313.12074
1313.12076
1313.12077
1313.12078
1313.12079
1313.12080
1313.12082
1313.12083
1313.12084
1313.12085
1313.12086
1313.12087
1313.12088
1313.12089
1313.12090
1313.12091
1313.12092
1313.12093
1313.12094
1313.12095
1313.12096
1313.12097
1313.12098
1313.12099
1313.12100
1313.12101
1313.12103
1313.12105
1313.12106
1313.12107
1313.12108
1313.12109
1313.12110
1313.12111
1313.12112
1313.12113
1313.12114
1313.12115
1313.12116
1313.12117
1313.12118
1313.12119
1313.12120
1313.12121
1313.12122
1313.12123
1313.12124
1313.12126
1313.12127
1313.12128
1313.12129
1313.12130
1313.12131
1313.12132
1313.12133
1313.12135
1313.12136
1313.12137
1313.12138
1313.12139
1313.12140
1313.12141
1313.12142
1313.12143
1313.12144
1313.12145
1313.12147
1313.12148
1313.12149
1313.12150
1313.12151
1313.12152
1313.12153
1313.12154
1313.12155
1313.12156
1313.12157
1313.12158
1313.12159
1313.12161
1313.12162
1313.12164
1313.12165
1313.12166
1313.12167
1313.12168
1313.12169
1313.12170
1313.12171
1313.12172
1313.12173
1313.12174
1313.12175
1313.12176
1313.12177
1313.12178
1313.12179
1313.12180
1313.12181
1313.12182
1313.12183
1313.12184
1313.12185
1313.12186
1313.12187
1313.12188
1313.12189
1313.12190
1313.12192
1313.12193
1313.12194
1313.12195
1313.12196
1313.12197
1313.12198
1313.12199
1313.12200
1313.12201
1313.12202
1313.12203
1313.12204
1313.12205
1313.12206
1313.12207
1313.12208
1313.12209
1313.12210
1313.12211
1313.12212
1313.12213
1313.12214
1313.12215
1313.12216
1313.12217
1313.12218
1313.12219
1313.12220
1313.12221
1313.12222
1313.12223
1313.12224
1313.12225
1313.12226
1313.12227
1313.12228
1313.12229
1313.12230
1313.12231
1313.12232
1313.12233
1313.12234
1313.12235
1313.12236
1313.12237
1313.12238
1313.12239
1313.12240
1313.12241
1313.12244
1313.12245
1313.12246
1313.12248
1313.12250
1313.12251
1313.12252
1313.12253
1313.12254
1313.12255
1313.12256
1313.12258
1313.12259
1313.12260
1313.12261
1313.12262
1313.12263
1313.12264
1313.12265
1313.12266
1313.12267
1313.12268
1313.12269
1313.12270
1313.12271
1313.12272
1313.12273
1313.12274
1313.12275
1313.12276
1313.12277
1313.12278
1313.12279
1313.12280
1313.12281
1313.12282
1313.12283
1313.12284
1313.12285
1313.12286
1313.12288
1313.12289
1313.12290
1313.12292
1313.12293
1313.12294
1313.12295
1313.12296
1313.12297
1313.12298
1313.12299
1313.12300
1313.12301
1313.12302
1313.12303
1313.12304
1313.12305
1313.12306
1313.12307
1313.12308
1313.12309
1313.12310
1313.12312
1313.12313
1313.12314
1313.12315
1313.12316
1313.12317
1313.12318
1313.12319
1313.12320
1313.12321
1313.12322
1313.12323
1313.12324
1313.12325
1313.12327
1313.12328
1313.12329
1313.12330
1313.12331
1313.12332
1313.12333
1313.12334
1313.12335
1313.12337
1313.12338
1313.12339
1313.12340
1313.12341
1313.12342
1313.12343
1313.12344
1313.12346
1313.12347
1313.12348
1313.12349
1313.12350
1313.12351
1313.12352
1313.12353
1313.12354
1313.12355
1313.12356
1313.12357
1313.12358
1313.12360
1313.12361
1313.12363
1313.12364
1313.12365
1313.12366
1313.12367
1313.12368
1313.12369
1313.12370
1313.12371
1313.12372
1313.12373
1313.12374
1313.12375
1313.12376
1313.12378
1313.12379
1313.12380
1313.12381
1313.12382
1313.12384
1313.12385
1313.12386
1313.12387
1313.12390
1313.12391
1313.12392
1313.12393
1313.12395
1313.12396
1313.12397
1313.12398
1313.12399
1313.12400
1313.12401
1313.12402
1313.12403
1313.12404
1313.12405
1313.12406
1313.12407
1313.12408
1313.12409
1313.12410
1313.12411
1313.12413
1313.12414
1313.12416
1313.12417
1313.12418
1313.12419
1313.12421
1313.12422
1313.12423
1313.12424
1313.12425
1313.12426
1313.12427
1313.12428
1313.12429
1313.12430
1313.12431
1313.12432
1313.12433
1313.12434
1313.12435
1313.12436
1313.12437
1313.12438
1313.12439
1313.12440
1313.12441
1313.12443
1313.12444
1313.12445
1313.12446
1313.12447
1313.12448
1313.12449
1313.12450
1313.12451
1313.12452
1313.12453
1313.12455
1313.12456
1313.12457
1313.12458
1313.12459
1313.12460
1313.12461
1313.12462
1313.12463
1313.12464
1313.12465
1313.12466
1313.12467
1313.12468
1313.12469
1313.12470
1313.12471
1313.12472
1313.12473
1313.12474
1313.12475
1313.12476
1313.12478
1313.12479
1313.12480
1313.12481
1313.12482
1313.12483
1313.12484
1313.12485
1313.12486
1313.12487
1313.12488
1313.12489
1313.12490
1313.12491
1313.12492
1313.12493
1313.12494
1313.12495
1313.12496
1313.12497
1313.12498
1313.12499
1313.12505
1313.12506
1313.12507
1313.12508
1313.12509
1313.12510
1313.12511
1313.12512
1313.12513
1313.12514
1313.12515
1313.12516
1313.12517
1313.12518
1313.12519
1313.12520
1313.12521
1313.12522
1313.12524
1313.12526
1313.12527
1313.12529
1313.12530
1313.12532
1313.12533
1313.12535
1313.12536
1313.12537
1313.12538
1313.12539
1313.12540
1313.12541
1313.12542
1313.12543
1313.12544
1313.12545
1313.12546
1313.12547
1313.12548
1313.12549
1313.12550
1313.12551
1313.12552
1313.12553
1313.12554
1313.12555
1313.12556
1313.12557
1313.12558
1313.12560
1313.12561
1313.12562
1313.12563
1313.12564
1313.12565
1313.12566
1313.12568
1313.12569
1313.12570
1313.12571
1313.12572
1313.12573
1313.12574
1313.12575
1313.12576
1313.12577
1313.12578
1313.12579
1313.12580
1313.12581
1313.12582
1313.12583
1313.12584
1313.12585
1313.12586
1313.12587
1313.12588
1313.12589
1313.12590
1313.12591
1313.12592
1313.12593
1313.12594
1313.12596
1313.12597
1313.12598
1313.12599
1313.12600
1313.12601
1313.12602
1313.12603
1313.12604
1313.12605
1313.12606
1313.12607
1313.12608
1313.12609
1313.12610
1313.12611
1313.12612
1313.12613
1313.12614
1313.12615
1313.12616
1313.12618
1313.12619
1313.12620
1313.12621
1313.12622
1313.12624
1313.12626
1313.12627
1313.12628
1313.12629
1313.12630
1313.12631
1313.12632
1313.12634
1313.12635
1313.12636
1313.12637
1313.12639
1313.12640
1313.12641
1313.12642
1313.12643
1313.12644
1313.12645
1313.12646
1313.12647
1313.12648
1313.12649
1313.12650
1313.12651
1313.12652
1313.12653
1313.12654
1313.12655
1313.12656
1313.12657
1313.12658
1313.12659
1313.12660
1313.12661
1313.12662
1313.12663
1313.12664
1313.12665
1313.12666
1313.12667
1313.12669
1313.12670
1313.12671
1313.12672
1313.12673
1313.12674
1313.12675
1313.12676
1313.12677
1313.12678
1313.12680
1313.12681
1313.12682
1313.12683
1313.12684
1313.12685
1313.12686
1313.12687
1313.12688
1313.12689
1313.12691
1313.12692
1313.12693
1313.12694
1313.12696
1313.12697
1313.12698
1313.12699
1313.12700
1313.12701
1313.12702
1313.12703
1313.12704
1313.12705
1313.12706
1313.12707
1313.12708
1313.12709
1313.12710
1313.12711
1313.12712
1313.12713
1313.12714
1313.12715
1313.12716
1313.12717
1313.12718
1313.12719
1313.12720
1313.12721
1313.12722
1313.12723
1313.12724
1313.12725
1313.12727
1313.12728
1313.12729
1313.12730
1313.12731
1313.12732
1313.12733
1313.12735
1313.12736
1313.12737
1313.12738
1313.12739
1313.12740
1313.12741
1313.12742
1313.12743
1313.12744
1313.12745
1313.12746
1313.12747
1313.12748
1313.12749
1313.12750
1313.12751
1313.12752
1313.12753
1313.12754
1313.12755
1313.12756
1313.12757
1313.12758
1313.12759
1313.12760
1313.12762
1313.12763
1313.12765
1313.12766
1313.12767
1313.12768
1313.12769
1313.12770
1313.12771
1313.12772
1313.12773
1313.12774
1313.12775
1313.12776
1313.12777
1313.12778
1313.12779
1313.12780
1313.12781
1313.12782
1313.12783
1313.12784
1313.12785
1313.12786
1313.12787
1313.12788
1313.12789
1313.12790
1313.12791
1313.12792
1313.12793
1313.12794
1313.12795
1313.12796
1313.12797
1313.12798
1313.12799
1313.12800
1313.12801
1313.12802
1313.12803
1313.12804
1313.12805
1313.12806
1313.12807
1313.12808
1313.12809
1313.12810
1313.12811
1313.12812
1313.12813
1313.12814
1313.12815
1313.12816
1313.12817
1313.12818
1313.12819
1313.12820
1313.12821
1313.12822
1313.12823
1313.12824
1313.12825
1313.12826
1313.12827
1313.12828
1313.12829
1313.12830
1313.12831
1313.12832
1313.12833
1313.12834
1313.12835
1313.12837
1313.12838
1313.12839
1313.12840
1313.12841
1313.12842
1313.12844
1313.12845
1313.12846
1313.12847
1313.12848
1313.12849
1313.12850
1313.12851
1313.12853
1313.12854
1313.12855
1313.12856
1313.12857
1313.12858
1313.12859
1313.12860
1313.12861
1313.12862
1313.12863
1313.12864
1313.12865
1313.12866
1313.12867
1313.12869
1313.12870
1313.12871
1313.12872
1313.12873
1313.12874
1313.12875
1313.12876
1313.12877
1313.12878
1313.12879
1313.12880
1313.12881
1313.12882
1313.12883
1313.12884
1313.12885
1313.12886
1313.12887
1313.12888
1313.12889
1313.12890
1313.12891
1313.12892
1313.12893
1313.12897
1313.12898
1313.12899
1313.12900
1313.12901
1313.12902
1313.12903
1313.12904
1313.12905
1313.12906
1313.12907
1313.12908
1313.12909
1313.12911
1313.12912
1313.12913
1313.12914
1313.12915
1313.12916
1313.12917
1313.12918
1313.12919
1313.12920
1313.12922
1313.12924
1313.12925
1313.12926
1313.12927
1313.12928
1313.12929
1313.12930
1313.12931
1313.12932
1313.12933
1313.12934
1313.12935
1313.12936
1313.12937
1313.12938
1313.12939
1313.12940
1313.12941
1313.12942
1313.12943
1313.12944
1313.12945
1313.12946
1313.12947
1313.12948
1313.12949
1313.12950
1313.12951
1313.12952
1313.12953
1313.12954
1313.12955
1313.12956
1313.12957
1313.12958
1313.12959
1313.12960
1313.12961
1313.12962
1313.12963
1313.12964
1313.12966
1313.12967
1313.12968
1313.12969
1313.12970
1313.12971
1313.12972
1313.12974
1313.12975
1313.12976
1313.12977
1313.12978
1313.12979
1313.12980
1313.12981
1313.12982
1313.12983
1313.12984
1313.12985
1313.12986
1313.12987
1313.12988
1313.12989
1313.12990
1313.12991
1313.12992
1313.12993
1313.12994
1313.12995
1313.12996
1313.12997
1313.12998
1313.12999
1313.13000
1313.13001
1313.13002
1313.13003
1313.13004
1313.13005
1313.13006
1313.13007
1313.13008
1313.13009
1313.13010
1313.13011
1313.13012
1313.13013
1313.13014
1313.13015
1313.13016
1313.13017
1313.13018
1313.13019
1313.13020
1313.13021
1313.13022
1313.13023
1313.13024
1313.13025
1313.13026
1313.13027
1313.13028
1313.13029
1313.13030
1313.13031
1313.13032
1313.13033
1313.13034
1313.13035
1313.13036
1313.13037
1313.13038
1313.13039
1313.13040
1313.13041
1313.13042
1313.13043
1313.13045
1313.13046
1313.13047
1313.13048
1313.13049
1313.13050
1313.13051
1313.13052
1313.13053
1313.13054
1313.13055
1313.13056
1313.13057
1313.13058
1313.13059
1313.13060
1313.13061
1313.13062
1313.13063
1313.13064
1313.13065
1313.13066
1313.13067
1313.13069
1313.13070
1313.13071
1313.13072
1313.13085
1313.13720
1313.13721
1313.13722
1313.13723
1313.13725
1313.13726
1313.13730
1313.13731
1313.13732
1313.13733
1313.13734
1313.13735
1313.13738
1313.13739
1313.13740
1313.13836
1313.13837
1313.13838
1313.13839
1313.13840
1313.13841
1313.13842
1313.13843
1313.13844
1313.13845
1313.13846
1313.13847
1313.13848
1313.13849
1313.13850
1313.13851
1313.13854
1313.13855
1313.13856
1313.13857
1313.13858
1313.13859
1313.13860
1313.13861
1313.13862
1313.13863
1313.13864
1313.13866
1313.13867
1313.13868
1313.13869
1313.13918
1313.16984
1313.16990
1313.16991
1313.16993
1313.16996
1313.17002
1313.17004
1313.17012
1313.17016
1313.17017
1313.17023
1313.17025
1313.17027
1313.17028
1313.17029
1313.17031
1313.17037
1313.17039
1313.17040
1313.17041
1313.17046
1313.17048
1313.17051
1313.17054
1313.17056
1313.17059
1313.17064
1313.17065
1313.17068
1313.17070
1313.17074
1313.17078
1313.17079
1313.17080
1313.17082
1313.17083
1313.17086
1313.17087
1313.17090
1313.17091
1313.17092
1313.17098
1313.17099
1313.17105
1313.17106
1313.17109
1313.17112
1313.17114
1313.17135
1313.17136
1313.17137
1313.17138
1313.17139
1313.17141
1313.17142
1313.17143
1313.17144
1313.17145
1313.17146
1313.17147
1313.17148
1313.17149
1313.17150
1313.17151
1313.17152
1313.17153
1313.17154
1313.17155
1313.17156
1313.17157
1313.17158
1313.17159
1313.17160
1313.17161
1313.17162
1313.17163
1313.17164
1313.17165
1313.17166
1313.17167
1313.17168
1313.17169
1313.17170
1313.17171
1313.17172
1313.17173
1313.17174
1313.17175
1313.17176
1313.17177
1313.17178
1313.17179
1313.17180
1313.17181
1313.17182
1313.17183
1313.17184
1313.17185
1313.17186
1313.17187
1313.17188
1313.17189
1313.17190
1313.17191
1313.17192
1313.17193
1313.17194
1313.17195
1313.17197
1313.17198
1313.17199
1313.17200
1313.17201
1313.17202
1313.17203
1313.17204
1313.17205
1313.17206
1313.17208
1313.17209
1313.17210
1313.17211
1313.17213
1313.17214
1313.17215
1313.17216
1313.17217
1313.17218
1313.17219
1313.17220
1313.17221
1313.17222
1313.17223
1313.17224
1313.17225
1313.17226
1313.17227
1313.17228
1313.17229
1313.17230
1313.17231
1313.17233
1313.17234
1313.17235
1313.17237
1313.17238
1313.17239
1313.17240
1313.17241
1313.17242
1313.17243
1313.17244
1313.17245
1313.17246
1313.17248
1313.17249
1313.17250
1313.17251
1313.17252
1313.17253
1313.17254
1313.17255
1313.17256
1313.17257
1313.17258
1313.17260
1313.17261
1313.17262
1313.17263
1313.17264
1313.17265
1313.17266
1313.17267
1313.17268
1313.17269
1313.17270
1313.17271
1313.17272
1313.17273
1313.17274
1313.17275
1313.17277
1313.17278
1313.17279
1313.17280
1313.17281
1313.17282
1313.17283
1313.17284
1313.17285
1313.17286
1313.17287
1313.17288
1313.17289
1313.17290
1313.17291
1313.17292
1313.17293
1313.17294
1313.17295
1313.17296
1313.17297
1313.17299
1313.17300
1313.17301
1313.17302
1313.17303
1313.17304
1313.17305
1313.17306
1313.17307
1313.17308
1313.17309
1313.17310
1313.17311
1313.17312
1313.17313
1313.17314
1313.17315
1313.17316
1313.17317
1313.17318
1313.17319
1313.17320
1313.17321
1313.17322
1313.17323
1313.17324
1313.17325
1313.17326
1313.17327
1313.17328
1313.17329
1313.17330
1313.17331
1313.17332
1313.17333
1313.17334
1313.17335
1313.17336
1313.17337
1313.17338
1313.17339
1313.17340
1313.17341
1313.17342
1313.17343
1313.17344
1313.17345
1313.17346
1313.17347
1313.17348
1313.17349
1313.17350
1313.17351
1313.17352
1313.17353
1313.17354
1313.17355
1313.17356
1313.17357
1313.17358
1313.17359
1313.17360
1313.17361
1313.17362
1313.17363
1313.17364
1313.17365
1313.17366
1313.17367
1313.17368
1313.17369
1313.17370
1313.17371
1313.17372
1313.17373
1313.17374
1313.17375
1313.17376
1313.17377
1313.17378
1313.17379
1313.17380
1313.17381
1313.17382
1313.17383
1313.17384
1313.17385
1313.17386
1313.17387
1313.17388
1313.17389
1313.17390
1313.17391
1313.17392
1313.17393
1313.17394
1313.17395
1313.17396
1313.17397
1313.17398
1313.17399
1313.17400
1313.17401
1313.17402
1313.17403
1313.17404
1313.17405
1313.17406
1313.17407
1313.17408
1313.17409
1313.17410
1313.17411
1313.17412
1313.17413
1313.17414
1313.17415
1313.17416
1313.17417
1313.17418
1313.17419
1313.17420
1313.17421
1313.17422
1313.17423
1313.17424
1313.17425
1313.17426
1313.17427
1313.17428
1313.17429
1313.17430
1313.17431
1313.17432
1313.17433
1313.17434
1313.17435
1313.17436
1313.17437
1313.17438
1313.17439
1313.17440
1313.17441
1313.17442
1313.17443
1313.17444
1313.17445
1313.17446
1313.17447
1313.17448
1313.17449
1313.17450
1313.5261
1313.5415
1313.5425
1313.5427
1313.5430
1313.5432
1313.5433
1313.5437
1313.5440
1313.5441
1313.5449
1313.5450
1313.5455
1313.5460
1313.5461
1313.5466
1313.5474
1313.5477
1313.5478
1313.5481
1313.5482
1313.5484
1313.5485
1313.5486
1313.5487
1313.5491
1313.5496
1313.5505
1313.5510
1313.5520
1313.5529
1313.5530
1313.5537
1313.5539
1313.5542
1313.5549
1313.5553
1313.5556
1313.5560
1313.5563
1313.5564
1313.5567
1313.5569
1313.5570
1313.5573
1313.5574
1313.5577
1313.5578
1313.5582
1313.5584
1313.5588
1313.5589
1313.5590
1313.5591
1313.5599
1313.5602
1313.5605
1313.5608
1313.5609
1313.5612
1313.5613
1313.5619
1313.5621
1313.5624
1313.5625
1313.5628
1313.5631
1313.5632
1313.5635
1313.5636
1313.5641
1313.5646
1313.5648
1313.5656
1313.5660
1313.5661
1313.5662
1313.5665
1313.5666
1313.5667
1313.5668
1313.5677
1313.5678
1313.5683
1313.5685
1313.5686
1313.5689
1313.5690
1313.5691
1313.5695
1313.5696
1313.5703
1313.5707
1313.5719
1313.5720
1313.5722
1313.5724
1313.5725
1313.5727
1313.5734
1313.5737
1313.5738
1313.5740
1313.5744
1313.5749
1313.5758
1313.5759
1313.5766
1313.5768
1313.5770
1313.5776
1313.5781
1313.5784
1313.5785
1313.5787
1313.5788
1313.5792
1313.5793
1313.5796
1313.5804
1313.5808
1313.5809
1313.5810
1313.5811
1313.5824
1313.5825
1313.5827
1313.5832
1313.5838
1313.5846
1313.5850
1313.5855
1313.5859
1313.5860
1313.5864
1313.5870
1313.5876
1313.5877
1313.5880
1313.5881
1313.5883
1313.5885
1313.5889
1313.5890
1313.5893
1313.5894
1313.5897
1313.5902
1313.5903
1313.5904
1313.5907
1313.5908
1313.5909
1313.5910
1313.5913
1313.5914
1313.5917
1313.5919
1313.5922
1313.5933
1313.5935
1313.5942
1313.5943
1313.5947
1313.5948
1313.5956
1313.5957
1313.5958
1313.5959
1313.5960
1313.5966
1313.5969
1313.5970
1313.5971
1313.5972
1313.5973
1313.5974
1313.5980
1313.5982
1313.5984
1313.5989
1313.5995
1313.5997
1313.6001
1313.6004
1313.6005
1313.6007
1313.6015
1313.6016
1313.6022
1313.6031
1313.6035
1313.6042
1313.6043
1313.6052
1313.6054
1313.6057
1313.6066
1313.6072
1313.6073
1313.6076
1313.6081
1313.6084
1313.6086
1313.6092
1313.6093
1313.6096
1313.6099
1313.6110
1313.6113
1313.6119
1313.6120
1313.6121
1313.6122
1313.6127
1313.6129
1313.6133
1313.6135
1313.6141
1313.6143
1313.6144
1313.6155
1313.6156
1313.6157
1313.6159
1313.6166
1313.6170
1313.6175
1313.6178
1313.6181
1313.6187
1313.6189
1313.6190
1313.6191
1313.6192
1313.6201
1313.6203
1313.6205
1313.6207
1313.6211
1313.6213
1313.6214
1313.6219
1313.6222
1313.6228
1313.6230
1313.6231
1313.6232
1313.6235
1313.6244
1313.6255
1313.6257
1313.6261
1313.6262
1313.6266
1313.6267
1313.6273
1313.6275
1313.6278
1313.6279
1313.6281
1313.6282
1313.6288
1313.6289
1313.6294
1313.6296
1313.6303
1313.6306
1313.6308
1313.6311
1313.6313
1313.6314
1313.6316
1313.6322
1313.6324
1313.6325
1313.6326
1313.6329
1313.6333
1313.6340
1313.6342
1313.6344
1313.6345
1313.6351
1313.6356
1313.6357
1313.6358
1313.6367
1313.6369
1313.6374
1313.6376
1313.6390
1313.6393
1313.6401
1313.6406
1313.6408
1313.6409
1313.6412
1313.6416
1313.6418
1313.6419
1313.6423
1313.6428
1313.6434
1313.6436
1313.6438
1313.6444
1313.6447
1313.6453
1313.6455
1313.6458
1313.6461
1313.6462
1313.6470
1313.6492
1313.6514
1313.6517
1313.6518
1313.6528
1313.6529
1313.6540
1313.6543
1313.6544
1313.6547
1313.6548
1313.6550
1313.6554
1313.6566
1313.6575
1313.6576
1313.6577
1313.6578
1313.6580
1313.6586
1313.6590
1313.6591
1313.6593
1313.6595
1313.6599
1313.6603
1313.6604
1313.6608
1313.6609
1313.6613
1313.6615
1313.6618
1313.6622
1313.6625
1313.6626
1313.6629
1313.6630
1313.6632
1313.6634
1313.6673
1313.6674
1313.6675
1313.6676
1313.6677
1313.6678
1313.6679
1313.6681
1313.6683
1313.6684
1313.6685
1313.6686
1313.6687
1313.6689
1313.6690
1313.6691
1313.6692
1313.6693
1313.6694
1313.6695
1313.6696
1313.6697
1313.6698
1313.6699
1313.6700
1313.6701
1313.6702
1313.6703
1313.6704
1313.6705
1313.6707
1313.6708
1313.6709
1313.6710
1313.6711
1313.6712
1313.6713
1313.6714
1313.6715
1313.6716
1313.6717
1313.6718
1313.6719
1313.6720
1313.6721
1313.6722
1313.6727
1313.6732
1313.6733
1313.6734
1313.6740
1313.6743
1313.6744
1313.6748
1313.6753
1313.6754
1313.6759
1313.6765
1313.6773
1313.6847
1313.6851
1313.6862
1313.6867
1313.6869
1313.7041
1313.7156
1313.9568
1313.9574
1313.9639
1313.9724
1313.9742
1313.9809
1313.9815
1313.9817
1313.9854
1313.9858
1313.9873
1313.9875
1313.9932
1313.9942
1313.9975
1313.9976
1313.9977
1313.9978
1313.9980
1313.9983
1313.9984
1313.9985
1313.9986
1313.9987
1313.9989
1313.9991
1313.9992
1313.9993
1313.9994
1313.9995
1313.9996
1313.9997
1313.9998
1313.9999